0
0
0
0
0
0
0
0
0
0
0
0
0
0
0
0
0
0
0
0
0
0
0
0
0
0
0
0
0
0
0
0
0
0
0
0
0
0
0
0
0
0
0
0
0
0
0
0
0
0
0
0
0
0
0
0
0
0
0
0
0
0
0
0
0
0
0
0
0
0
0
0
0
0
0
0
0
0
0
0
0
0
0
0
0
0
0
0
0
0
0
0
0
0
0.00208768
0.00835073
0.0146138
0.0229645
0.0292276
0.0313152
0.0292276
0.0313152
0.0250522
0.0125261
0.00835073
0.00208768
0
0
0
0
0
0
0
0
0
0
0
0
0
0.00208768
0.00835073
0.0229645
0.0501044
0.121086
0.208768
0.286013
0.36952
0.421712
0.411273
0.419624
0.356994
0.275574
0.175365
0.110647
0.0626305
0.0229645
0.00417537
0
0
0
0
0
0
0
0
0
0.00208768
0.00626305
0.0271399
0.0814196
0.183716
0.271399
0.407098
0.559499
0.678497
0.759916
0.776618
0.753653
0.638831
0.519833
0.356994
0.248434
0.127349
0.0542797
0.00835073
0
0
0
0
0
0
0
0.00417537
0.00417537
0.00626305
0.0229645
0.0688935
0.187891
0.31524
0.436326
0.586639
0.722338
0.810021
0.878914
0.897704
0.88309
0.807933
0.699374
0.549061
0.36952
0.22547
0.0939457
0.0187891
0
0
0
0
0
0
0
0.00208768
0.00417537
0.0125261
0.0584551
0.173278
0.304802
0.436326
0.60334
0.757829
0.860125
0.872651
0.893528
0.889353
0.908142
0.878914
0.822547
0.707724
0.511482
0.298539
0.141962
0.0375783
0
0
0
0
0
0
0
0.00208768
0.00835073
0.0417537
0.110647
0.254697
0.407098
0.615866
0.732777
0.818372
0.841336
0.812109
0.787056
0.757829
0.797495
0.822547
0.85595
0.759916
0.651357
0.430063
0.196242
0.0688935
0
0
0
0
0
0
0
0.00208768
0.0208768
0.0876827
0.22547
0.363257
0.569937
0.741127
0.814196
0.810021
0.74739
0.670146
0.605428
0.574113
0.59499
0.695198
0.805846
0.810021
0.703549
0.536534
0.302714
0.0793319
0
0
0
0
0
0
0
0.00208768
0.0563674
0.152401
0.319415
0.509395
0.705637
0.818372
0.822547
0.732777
0.624217
0.507307
0.388309
0.346555
0.411273
0.530271
0.695198
0.807933
0.76618
0.63048
0.388309
0.106472
0
0
0
0
0
0
0
0.00835073
0.0981211
0.256785
0.442589
0.643006
0.795407
0.807933
0.730689
0.607516
0.448852
0.334029
0.223382
0.185804
0.235908
0.411273
0.611691
0.784969
0.80167
0.674322
0.4238
0.148225
0.00417537
0.00208768
0
0
0
0
0
0.0146138
0.177453
0.363257
0.563674
0.76618
0.82881
0.755741
0.613779
0.440501
0.281837
0.141962
0.0814196
0.0814196
0.164927
0.306889
0.544885
0.753653
0.797495
0.701461
0.461378
0.169102
0.00626305
0.00208768
0
0
0
0.00208768
0
0.0375783
0.235908
0.455115
0.674322
0.820459
0.812109
0.672234
0.498956
0.286013
0.152401
0.0668058
0.039666
0.0438413
0.131524
0.292276
0.498956
0.73904
0.803758
0.68476
0.473904
0.189979
0.00417537
0.00208768
0
0
0
0
0
0.0605428
0.327766
0.572025
0.772443
0.830898
0.751566
0.561587
0.354906
0.17119
0.0688935
0.0271399
0.0167015
0.039666
0.156576
0.308977
0.534447
0.734864
0.776618
0.674322
0.45929
0.185804
0.00208768
0
0
0
0
0
0.00208768
0.0814196
0.39666
0.643006
0.812109
0.816284
0.699374
0.457203
0.242171
0.091858
0.0334029
0.00417537
0.0146138
0.0605428
0.196242
0.384134
0.590814
0.749478
0.755741
0.624217
0.419624
0.169102
0.00208768
0
0
0
0
0
0.00208768
0.11691
0.444676
0.699374
0.845511
0.810021
0.624217
0.365344
0.146138
0.0668058
0.0167015
0.0104384
0.0521921
0.133612
0.292276
0.498956
0.65762
0.762004
0.716075
0.563674
0.348643
0.137787
0.00208768
0
0
0
0
0
0
0.156576
0.480167
0.730689
0.845511
0.793319
0.592902
0.336117
0.139875
0.0709812
0.0375783
0.0626305
0.121086
0.256785
0.469729
0.622129
0.741127
0.772443
0.645094
0.45929
0.273486
0.100209
0
0
0
0
0
0
0.00208768
0.167015
0.480167
0.730689
0.853862
0.805846
0.580376
0.354906
0.200418
0.141962
0.131524
0.181628
0.302714
0.478079
0.63048
0.722338
0.784969
0.697286
0.536534
0.363257
0.183716
0.0709812
0.00208768
0
0
0
0
0
0.00417537
0.154489
0.434238
0.701461
0.847599
0.807933
0.697286
0.526096
0.356994
0.317328
0.331942
0.409186
0.549061
0.659708
0.762004
0.807933
0.741127
0.601253
0.407098
0.248434
0.0981211
0.0334029
0.00208768
0
0
0
0
0
0.00417537
0.123173
0.373695
0.611691
0.810021
0.868476
0.82881
0.764092
0.65762
0.63048
0.647182
0.695198
0.759916
0.812109
0.839248
0.776618
0.59499
0.421712
0.294363
0.131524
0.0501044
0.0104384
0.00208768
0.00208768
0
0
0
0
0.00208768
0.0835073
0.265136
0.507307
0.718163
0.853862
0.903967
0.906054
0.899791
0.860125
0.837161
0.849687
0.878914
0.864301
0.764092
0.597077
0.43215
0.275574
0.131524
0.0626305
0.0167015
0.00417537
0.00208768
0.00208768
0
0
0
0
0.00208768
0.045929
0.169102
0.340292
0.546973
0.707724
0.832985
0.901879
0.922756
0.920668
0.903967
0.874739
0.820459
0.674322
0.534447
0.367432
0.231733
0.137787
0.0647182
0.0187891
0.00417537
0
0.00208768
0.00208768
0
0
0
0
0
0.00626305
0.0605428
0.148225
0.2881
0.45929
0.611691
0.734864
0.772443
0.770355
0.741127
0.659708
0.534447
0.39666
0.244259
0.148225
0.085595
0.0334029
0.0146138
0.00626305
0.00208768
0
0
0
0
0
0
0
0
0.00417537
0.00417537
0.0167015
0.0313152
0.0688935
0.121086
0.156576
0.192067
0.202505
0.189979
0.17119
0.139875
0.085595
0.0521921
0.0271399
0.0125261
0.00417537
0.00417537
0.00208768
0
0
0
0
0
0
0
0
0
0
0
0
0
0
0.00208768
0.00417537
0.00626305
0.00626305
0.00626305
0.00417537
0.00417537
0
0
0
0
0
0
0
0
0
0
0
0
0
0
0
0
0
0
0
0
0
0
0
0
0
0
0
0
0
0
0
0
0
0
0
0
0
0
0
0
0
0
0
0
0
0
0
0
0
0
0
0
0
0
0
0
0
0
0
0
0
0
0
0
0
0
0
0
0
0
0
0
0
0
0
0
0
0
0
0
0
0
0
0
0
0
0
0
0
0
0
0
0
0
0
0
0
0
0
0
0
0
0
0
0
0
0
0
0
0
0
0
0
0
0
0
0
0
0
0
0
0
0
0
0
0
0
0
0
0
0
0
0
0
0
0
0
0
0
0
0
0
0
0
0
0
0
0
0
0
0
0
0
0
0
0
0
0
0
0
0
0
0
0.0017762
0.0017762
0.0124334
0.0106572
0.017762
0.0106572
0.00888099
0.00888099
0.0053286
0.0035524
0.0035524
0
0
0
0
0
0
0
0
0
0
0.0017762
0
0
0.0017762
0.0017762
0.0035524
0.0159858
0.0390764
0.0888099
0.174067
0.22913
0.248668
0.227353
0.246892
0.248668
0.211368
0.138544
0.0639432
0.0248668
0.0035524
0.0017762
0
0
0
0
0
0.0017762
0.0017762
0
0
0.0035524
0.0053286
0.0053286
0.0071048
0.0284192
0.0692718
0.143872
0.287744
0.383659
0.44405
0.470693
0.46714
0.44405
0.369449
0.216696
0.108348
0.0408526
0.00888099
0.0035524
0
0.0017762
0
0
0
0
0
0
0
0.0035524
0.0053286
0.00888099
0.00888099
0.035524
0.0746004
0.159858
0.312611
0.463588
0.527531
0.573712
0.548845
0.488455
0.385435
0.218472
0.10302
0.0319716
0.0071048
0.0035524
0
0
0
0
0
0
0.0017762
0.0017762
0.0017762
0.0053286
0.0071048
0.00888099
0.0106572
0.0284192
0.0728242
0.172291
0.34103
0.513321
0.623446
0.655417
0.595027
0.493783
0.349911
0.174067
0.0657194
0.0195382
0.0053286
0
0
0
0
0
0
0
0.0017762
0.0017762
0
0.0017762
0.0053286
0.00888099
0.0106572
0.0230906
0.0746004
0.182948
0.362345
0.577265
0.724689
0.740675
0.591474
0.474245
0.277087
0.10302
0.035524
0.0124334
0
0
0
0
0
0
0.0017762
0
0.0017762
0
0
0.0017762
0.0035524
0.0071048
0.0124334
0.0213144
0.071048
0.181172
0.403197
0.666075
0.841918
0.765542
0.577265
0.394316
0.206039
0.0568384
0.00888099
0.0017762
0
0
0
0
0
0
0.0017762
0
0
0
0
0.0017762
0.0017762
0.0071048
0.0142096
0.017762
0.062167
0.188277
0.465364
0.79929
0.9254
0.777975
0.531083
0.310835
0.113677
0.0213144
0.0035524
0
0
0
0.0017762
0
0
0
0
0
0
0
0
0.0017762
0.0071048
0.00888099
0.0106572
0.017762
0.0426288
0.20071
0.582593
0.91119
0.953819
0.763766
0.465364
0.20071
0.0373002
0.0035524
0.0017762
0
0
0
0.0017762
0
0
0
0
0
0
0
0
0.0053286
0.0053286
0.0071048
0.0106572
0.0124334
0.035524
0.243339
0.73357
0.980462
0.966252
0.74778
0.367673
0.0994671
0.0142096
0
0.0017762
0
0
0
0
0
0
0
0
0
0
0
0.0017762
0.0035524
0.0035524
0.0053286
0.00888099
0.00888099
0.0479574
0.360568
0.893428
0.991119
0.968028
0.687389
0.234458
0.0408526
0.0017762
0
0
0
0
0
0
0
0
0
0
0
0
0
0.0035524
0.0017762
0
0.0017762
0.0053286
0.017762
0.104796
0.516874
0.955595
0.996448
0.944938
0.506217
0.111901
0.0142096
0.0017762
0.0017762
0.0017762
0
0
0
0.0017762
0.0017762
0
0
0
0
0
0
0
0
0.0035524
0.0035524
0.0053286
0.0284192
0.21492
0.65897
0.960924
0.996448
0.893428
0.364121
0.062167
0.0106572
0.0017762
0.0017762
0.0017762
0
0
0
0
0
0
0
0
0
0
0.0017762
0.0017762
0.0035524
0.0035524
0.0035524
0.0124334
0.0923623
0.35524
0.719361
0.960924
0.978686
0.774423
0.253996
0.0408526
0.0071048
0.0071048
0
0
0
0
0
0
0
0
0
0
0
0
0.0017762
0.0035524
0.0035524
0.0035524
0.0106572
0.0497336
0.220249
0.46714
0.746004
0.952043
0.905861
0.564831
0.211368
0.0373002
0.0124334
0.0106572
0.0017762
0
0
0
0
0
0.0017762
0
0
0
0
0
0
0
0.0035524
0.0071048
0.026643
0.120782
0.319716
0.543517
0.769094
0.912966
0.79929
0.442274
0.204263
0.0550622
0.0195382
0.0159858
0.00888099
0.0053286
0.0017762
0.0017762
0.0017762
0
0.0017762
0.0035524
0
0
0
0
0
0.0017762
0.0017762
0.0159858
0.0763766
0.22913
0.403197
0.59325
0.753108
0.831261
0.650089
0.401421
0.204263
0.0515098
0.0284192
0.017762
0.0142096
0.00888099
0.0035524
0.0035524
0.0035524
0.0017762
0
0.0035524
0
0
0
0.0017762
0.0017762
0.0035524
0.0159858
0.053286
0.156306
0.314387
0.468917
0.600355
0.715808
0.714032
0.550622
0.371226
0.218472
0.0657194
0.0301954
0.0195382
0.0124334
0.0124334
0.0053286
0.0035524
0.0053286
0.0053286
0
0
0
0
0
0.0017762
0.0017762
0.0035524
0.0301954
0.0852575
0.220249
0.374778
0.49556
0.598579
0.653641
0.618117
0.474245
0.349911
0.227353
0.0905861
0.035524
0.0142096
0.0124334
0.0071048
0.0035524
0.0017762
0.0035524
0.0017762
0.0017762
0
0
0
0
0.0017762
0.0017762
0.00888099
0.0319716
0.122558
0.26643
0.399645
0.499112
0.545293
0.564831
0.525755
0.454707
0.339254
0.21492
0.0923623
0.0390764
0.0142096
0.00888099
0.0035524
0.0017762
0.0017762
0.0017762
0.0017762
0
0
0
0
0
0
0.0017762
0.0124334
0.0319716
0.108348
0.243339
0.374778
0.44405
0.436945
0.438721
0.431616
0.401421
0.287744
0.182948
0.0870337
0.0319716
0.0124334
0.0071048
0.0017762
0
0
0
0
0
0
0
0
0
0
0
0.0035524
0.0106572
0.0301954
0.071048
0.113677
0.142096
0.14032
0.133215
0.136767
0.131439
0.0941385
0.0515098
0.026643
0.00888099
0.0035524
0.0017762
0
0
0
0
0
0
0
0
0
0
0
0
0
0
0
0.0017762
0.0053286
0.0053286
0.0035524
0.0017762
0.0053286
0.0053286
0.0017762
0
0
0
0
0
0
0
0
0
0
0
0
0
0
0
0
0
0
0
0
0
0
0
0
0
0
0
0
0
0
0
0
0
0
0
0
0
0
0
0
0
0
0
0
0
0
0
0
0
0
0
0
0
0
0
0
0
0
0
0
0
0
0
0
0
0
0
0
0
0
0
0
0
0
0
0
0
0
0
0
0
0
0
0
0
0
0
0
0
0
0
0
0
0
0
0
0
0
0
0
0
0
0
0
0
0
0
0
0
0
0
0.00409836
0.00409836
0.00204918
0
0
0
0
0
0
0
0
0
0
0
0
0
0
0
0
0
0.00204918
0.00204918
0.00409836
0.00614754
0.00819672
0.0204918
0.022541
0.022541
0.022541
0.0184426
0.0204918
0.0102459
0.00614754
0
0
0
0.00204918
0.00204918
0
0
0
0
0
0
0
0
0.00204918
0.0102459
0.022541
0.0409836
0.0758197
0.108607
0.161885
0.204918
0.239754
0.262295
0.276639
0.22541
0.178279
0.122951
0.0778689
0.0389344
0.0184426
0.00614754
0.00204918
0.00204918
0
0
0
0
0
0
0
0
0.0163934
0.0389344
0.0635246
0.122951
0.215164
0.286885
0.385246
0.481557
0.555328
0.592213
0.590164
0.557377
0.47541
0.348361
0.229508
0.135246
0.0840164
0.0307377
0.00204918
0.00204918
0.00204918
0
0
0
0
0
0
0.00614754
0.0348361
0.0696721
0.135246
0.235656
0.336066
0.456967
0.569672
0.659836
0.735656
0.764344
0.780738
0.737705
0.678279
0.55123
0.39959
0.272541
0.161885
0.0758197
0.0184426
0.00204918
0.00204918
0
0
0
0
0
0.00204918
0.0102459
0.045082
0.0942623
0.180328
0.307377
0.436475
0.55123
0.643443
0.70082
0.735656
0.766393
0.768443
0.772541
0.75
0.661885
0.520492
0.352459
0.239754
0.118852
0.0307377
0.00204918
0
0
0
0
0
0.00204918
0.00409836
0.0245902
0.0655738
0.125
0.206967
0.32582
0.438525
0.543033
0.604508
0.637295
0.629098
0.594262
0.631148
0.663934
0.713115
0.653689
0.555328
0.432377
0.268443
0.153689
0.0512295
0.00204918
0
0
0
0
0
0.00204918
0.00409836
0.0266393
0.0717213
0.108607
0.19877
0.278689
0.370902
0.42623
0.438525
0.434426
0.432377
0.42623
0.463115
0.538934
0.637295
0.64959
0.594262
0.469262
0.307377
0.168033
0.0532787
0
0
0
0
0
0
0.00204918
0.00409836
0.0266393
0.067623
0.108607
0.155738
0.194672
0.25
0.295082
0.303279
0.305328
0.282787
0.295082
0.362705
0.485656
0.60041
0.637295
0.592213
0.473361
0.295082
0.17418
0.0532787
0.00614754
0
0
0
0
0
0
0
0.0122951
0.0409836
0.0758197
0.0942623
0.129098
0.159836
0.168033
0.17418
0.159836
0.139344
0.22541
0.321721
0.467213
0.594262
0.627049
0.581967
0.473361
0.282787
0.163934
0.0491803
0.00614754
0.00204918
0
0
0
0
0
0
0.0143443
0.0307377
0.0368852
0.0532787
0.0635246
0.0778689
0.0922131
0.0963115
0.102459
0.125
0.223361
0.352459
0.5
0.606557
0.647541
0.567623
0.440574
0.268443
0.139344
0.0327869
0.0122951
0.00614754
0
0
0
0
0
0.00204918
0.00614754
0.0143443
0.0245902
0.0348361
0.0491803
0.0635246
0.0840164
0.0840164
0.110656
0.190574
0.29918
0.42623
0.561475
0.647541
0.639344
0.540984
0.389344
0.227459
0.114754
0.0327869
0.0163934
0.0102459
0.00204918
0
0
0
0
0.00204918
0.00409836
0.0163934
0.0266393
0.0491803
0.079918
0.106557
0.133197
0.192623
0.245902
0.327869
0.432377
0.54918
0.653689
0.688525
0.625
0.504098
0.32582
0.186475
0.0881148
0.0389344
0.0204918
0.00819672
0.00204918
0
0
0
0
0.00204918
0.0143443
0.0327869
0.057377
0.118852
0.204918
0.290984
0.334016
0.413934
0.502049
0.588115
0.635246
0.704918
0.719262
0.692623
0.579918
0.454918
0.272541
0.170082
0.0840164
0.0553279
0.0327869
0.00614754
0.00204918
0
0
0
0
0.00409836
0.0204918
0.0840164
0.165984
0.288934
0.391393
0.467213
0.547131
0.635246
0.715164
0.780738
0.788934
0.784836
0.737705
0.67418
0.557377
0.422131
0.295082
0.188525
0.127049
0.0860656
0.0553279
0.0184426
0.00614754
0
0
0
0
0.0163934
0.057377
0.168033
0.297131
0.434426
0.543033
0.627049
0.684426
0.778689
0.834016
0.848361
0.852459
0.807377
0.747951
0.657787
0.553279
0.446721
0.327869
0.254098
0.204918
0.141393
0.0963115
0.0430328
0.00819672
0
0
0
0
0.0266393
0.112705
0.268443
0.430328
0.547131
0.622951
0.67623
0.735656
0.768443
0.811475
0.842213
0.821721
0.782787
0.75
0.663934
0.614754
0.502049
0.422131
0.364754
0.293033
0.211066
0.151639
0.067623
0.0122951
0.00204918
0
0
0
0.0471311
0.155738
0.338115
0.502049
0.614754
0.67418
0.717213
0.739754
0.760246
0.813525
0.819672
0.793033
0.768443
0.715164
0.67623
0.610656
0.569672
0.493852
0.409836
0.358607
0.27459
0.172131
0.067623
0.0102459
0.00204918
0
0
0.00204918
0.0532787
0.19877
0.368852
0.54918
0.641393
0.696721
0.754098
0.77459
0.827869
0.815574
0.80123
0.786885
0.70082
0.665984
0.618852
0.598361
0.563525
0.508197
0.459016
0.35041
0.25
0.168033
0.0553279
0.00614754
0
0
0
0.00204918
0.057377
0.194672
0.366803
0.528689
0.645492
0.745902
0.786885
0.821721
0.831967
0.803279
0.739754
0.64959
0.584016
0.565574
0.559426
0.540984
0.528689
0.5
0.403689
0.315574
0.227459
0.133197
0.0430328
0.00409836
0
0
0
0.00204918
0.0430328
0.155738
0.29918
0.444672
0.57582
0.657787
0.743852
0.754098
0.72541
0.653689
0.57582
0.47541
0.411885
0.393443
0.405738
0.405738
0.422131
0.383197
0.32582
0.22541
0.151639
0.0840164
0.0266393
0.00409836
0
0
0
0
0.0163934
0.0717213
0.186475
0.293033
0.422131
0.497951
0.557377
0.563525
0.52459
0.444672
0.358607
0.293033
0.258197
0.239754
0.25
0.256148
0.241803
0.22541
0.186475
0.131148
0.0737705
0.0471311
0.0163934
0.00409836
0
0
0
0
0.00614754
0.0266393
0.0635246
0.110656
0.155738
0.184426
0.206967
0.211066
0.196721
0.168033
0.129098
0.102459
0.102459
0.104508
0.104508
0.108607
0.0881148
0.079918
0.0614754
0.0430328
0.022541
0.00819672
0.00409836
0.00204918
0
0
0
0
0.00204918
0.00614754
0.00819672
0.0204918
0.0266393
0.022541
0.0204918
0.0266393
0.0245902
0.0245902
0.022541
0.022541
0.022541
0.022541
0.0184426
0.0163934
0.0204918
0.0163934
0.0122951
0.00819672
0.00614754
0
0
0
0
0
0
0
0
0
0
0
0
0
0
0
0
0
0
0
0
0
0.00204918
0.00204918
0.00204918
0.00204918
0
0
0
0
0
0
0
0
0
0
0
0
0
0
0
0
0
0
0
0
0
0
0
0
0
0
0
0
0
0
0
0
0
0
0
0
0
0
0
0
0
0
0
0
0
0
0
0
0
0
0
0
0
0
0
0
0
0
0
0
0
0
0
0
0
0
0
0
0
0
0
0
0
0
0
0
0
0
0
0
0
0
0
0
0
0
0
0
0
0
0
0
0
0
0
0
0
0
0
0
0
0
0
0
0
0
0
0
0
0
0
0
0
0
0
0
0
0
0
0
0
0
0
0
0
0
0
0
0
0
0
0
0
0
0
0
0
0
0
0
0
0
0
0
0
0
0
0
0
0
0
0
0.0020284
0.0020284
0.0020284
0.0040568
0.00811359
0.010142
0.020284
0.0263692
0.0324544
0.0324544
0.0324544
0.030426
0.0263692
0.0141988
0.0121704
0.0040568
0.0020284
0
0
0
0
0
0
0
0
0
0.0020284
0.0040568
0.0141988
0.0223124
0.0547667
0.0831643
0.125761
0.210953
0.286004
0.348884
0.391481
0.411765
0.40568
0.359026
0.298174
0.219067
0.15213
0.0709939
0.0324544
0.00811359
0.0040568
0
0
0
0
0
0
0
0.00811359
0.0243408
0.0547667
0.0872211
0.158215
0.25355
0.375254
0.517241
0.626775
0.703854
0.760649
0.787018
0.776876
0.72211
0.610548
0.492901
0.377282
0.233266
0.119675
0.0425963
0.010142
0
0
0
0
0
0
0
0.020284
0.0446247
0.0851927
0.184584
0.279919
0.407708
0.539554
0.703854
0.78499
0.837728
0.882353
0.902637
0.904665
0.892495
0.795132
0.651116
0.521298
0.369168
0.208925
0.105477
0.0243408
0
0
0
0
0
0.0020284
0
0.0223124
0.0588235
0.109533
0.204868
0.302231
0.446247
0.559838
0.634888
0.699797
0.716024
0.724138
0.762677
0.805274
0.791075
0.799189
0.73428
0.62069
0.450304
0.25355
0.123732
0.0466531
0
0
0
0
0
0
0
0.0263692
0.0649087
0.0993915
0.174442
0.241379
0.336714
0.409736
0.448276
0.440162
0.434077
0.436105
0.472617
0.584178
0.679513
0.720081
0.703854
0.626775
0.458418
0.251521
0.119675
0.0446247
0
0
0
0
0
0
0.0020284
0.0162272
0.0365112
0.0730223
0.131846
0.162272
0.204868
0.231237
0.245436
0.249493
0.283976
0.322515
0.401623
0.539554
0.679513
0.758621
0.72211
0.584178
0.411765
0.223124
0.0933063
0.0283976
0
0
0
0
0
0
0.0020284
0.00608519
0.0141988
0.0385396
0.0649087
0.0770791
0.109533
0.141988
0.174442
0.208925
0.283976
0.389452
0.523327
0.675456
0.799189
0.787018
0.68357
0.492901
0.320487
0.15213
0.0669371
0.0182556
0
0
0
0
0
0
0
0.0020284
0.00811359
0.0162272
0.030426
0.0466531
0.0831643
0.150101
0.239351
0.361055
0.498986
0.626775
0.764706
0.839757
0.868154
0.770791
0.588235
0.385396
0.227181
0.0912779
0.0263692
0.00811359
0
0
0
0
0
0
0
0
0.0040568
0.00811359
0.020284
0.0446247
0.11359
0.225152
0.375254
0.561866
0.72211
0.809331
0.890467
0.902637
0.855984
0.720081
0.51927
0.31643
0.1643
0.0567951
0.020284
0.00608519
0
0
0
0
0
0
0
0.0020284
0.0040568
0.00608519
0.020284
0.0750507
0.1643
0.31643
0.51927
0.707911
0.817444
0.888438
0.900609
0.88641
0.8357
0.764706
0.547667
0.35497
0.176471
0.0750507
0.0182556
0.0040568
0
0
0
0
0
0
0
0
0.00608519
0.010142
0.0283976
0.0730223
0.184584
0.348884
0.503043
0.6714
0.748479
0.789047
0.795132
0.811359
0.799189
0.776876
0.64503
0.444219
0.271805
0.115619
0.0507099
0.00811359
0.0020284
0
0
0
0
0
0
0.0020284
0.00608519
0.0141988
0.030426
0.0689655
0.15213
0.267748
0.381339
0.486815
0.535497
0.557809
0.578093
0.612576
0.713996
0.754564
0.72211
0.592292
0.352941
0.190669
0.0669371
0.0223124
0.0020284
0
0.0020284
0
0
0
0.00608519
0.0141988
0.020284
0.0446247
0.0446247
0.0669371
0.10142
0.156187
0.219067
0.231237
0.251521
0.271805
0.320487
0.401623
0.559838
0.711968
0.74645
0.647059
0.43002
0.249493
0.10142
0.0283976
0.0020284
0
0
0
0
0
0.00811359
0.0344828
0.0730223
0.0953347
0.0933063
0.0933063
0.103448
0.10142
0.0851927
0.0912779
0.0993915
0.11359
0.180527
0.334686
0.490872
0.643002
0.736308
0.675456
0.456389
0.259635
0.133874
0.0425963
0.0020284
0
0
0
0
0
0.00811359
0.0527383
0.131846
0.174442
0.210953
0.210953
0.1643
0.107505
0.0872211
0.0750507
0.0669371
0.0993915
0.180527
0.330629
0.513185
0.622718
0.703854
0.661258
0.448276
0.271805
0.148073
0.0425963
0.0020284
0
0
0
0
0
0.0141988
0.0770791
0.206897
0.281947
0.35497
0.350913
0.283976
0.200811
0.154158
0.123732
0.133874
0.194726
0.298174
0.458418
0.606491
0.691684
0.709939
0.614604
0.43002
0.25355
0.133874
0.0365112
0.0020284
0
0
0
0
0
0.0162272
0.10142
0.229209
0.361055
0.464503
0.503043
0.490872
0.421907
0.375254
0.350913
0.375254
0.462475
0.580122
0.677485
0.754564
0.768763
0.687627
0.517241
0.375254
0.221095
0.107505
0.0324544
0.0020284
0
0
0
0
0
0.0162272
0.0811359
0.208925
0.332657
0.515213
0.600406
0.655172
0.661258
0.6714
0.655172
0.679513
0.726166
0.789047
0.837728
0.815416
0.740365
0.572008
0.419878
0.286004
0.162272
0.0628803
0.0162272
0
0
0
0
0
0
0.0121704
0.0567951
0.144016
0.269777
0.438134
0.567951
0.687627
0.760649
0.813387
0.851927
0.880325
0.884381
0.880325
0.8357
0.726166
0.578093
0.409736
0.283976
0.160243
0.0831643
0.0344828
0.00608519
0
0
0
0
0
0
0.0040568
0.0324544
0.0912779
0.154158
0.290061
0.423935
0.567951
0.705882
0.770791
0.817444
0.833671
0.821501
0.738337
0.618661
0.498986
0.348884
0.221095
0.141988
0.0649087
0.0243408
0.00608519
0.0020284
0
0
0
0
0
0
0
0.0121704
0.0344828
0.0628803
0.105477
0.180527
0.227181
0.275862
0.324544
0.363083
0.37931
0.35497
0.290061
0.241379
0.160243
0.10142
0.0507099
0.0243408
0.0141988
0.00811359
0.0040568
0.0020284
0
0
0
0
0
0
0
0.0020284
0.00608519
0.00608519
0.0182556
0.0324544
0.040568
0.0486815
0.0446247
0.0547667
0.0527383
0.0547667
0.0385396
0.0182556
0.0121704
0.00811359
0.010142
0.0040568
0.0040568
0.0020284
0.0020284
0
0
0
0
0
0
0
0
0
0
0
0
0
0
0
0.0020284
0.0020284
0.0040568
0.0040568
0.0040568
0.0040568
0.0020284
0.0020284
0.0020284
0.0020284
0.0020284
0.0020284
0
0
0
0
0
0
0
0
0
0
0
0
0
0
0
0
0
0
0
0
0
0
0
0
0
0
0
0
0
0
0
0
0
0
0
0
0
0
0
0
0
0
0
0
0
0
0
0
0
0
0
0
0
0
0
0
0
0
0
0
0
0
0
0
0
0
0
0
0
0
0
0
0
0
0
0
0
0
0
0
0
0
0
0
0
0
0
0
0
0
0
0
0
0
0
0
0
0
0
0
0
0
0
0
0
0.00186916
0.00186916
0.00186916
0
0
0
0
0
0
0
0
0
0
0
0
0
0
0
0
0
0
0
0
0
0.00186916
0.00186916
0.00186916
0.00186916
0.00373832
0.00373832
0.00373832
0.00373832
0.00373832
0.00934579
0.00747664
0.00560748
0
0
0
0
0
0
0
0
0
0.00373832
0.00560748
0.00560748
0.0130841
0.0186916
0.0205607
0.0224299
0.0224299
0.0299065
0.0261682
0.0205607
0.0280374
0.035514
0.0560748
0.0635514
0.0766355
0.0878505
0.0560748
0.046729
0.0205607
0.011215
0
0
0
0
0
0
0
0.00560748
0.0130841
0.0336449
0.0542056
0.071028
0.100935
0.125234
0.128972
0.134579
0.117757
0.0878505
0.082243
0.134579
0.168224
0.220561
0.242991
0.248598
0.194393
0.171963
0.115888
0.071028
0.00747664
0
0
0
0
0
0.00373832
0.0130841
0.0336449
0.0579439
0.0915888
0.147664
0.203738
0.241121
0.26729
0.272897
0.216822
0.153271
0.143925
0.194393
0.271028
0.353271
0.4
0.388785
0.319626
0.252336
0.162617
0.0915888
0.0224299
0.00186916
0
0
0
0
0.00560748
0.0242991
0.0429907
0.0878505
0.138318
0.224299
0.321495
0.383178
0.398131
0.381308
0.299065
0.211215
0.188785
0.254206
0.353271
0.454206
0.508411
0.448598
0.379439
0.269159
0.145794
0.0803738
0.0242991
0.00560748
0
0
0
0
0.00747664
0.0261682
0.0579439
0.104673
0.188785
0.282243
0.401869
0.48785
0.495327
0.459813
0.334579
0.220561
0.203738
0.285981
0.418692
0.547664
0.573832
0.506542
0.394393
0.235514
0.143925
0.0560748
0.0130841
0.00373832
0
0
0
0
0.00934579
0.0317757
0.0672897
0.125234
0.229907
0.35514
0.495327
0.562617
0.558879
0.484112
0.319626
0.205607
0.198131
0.317757
0.51215
0.62243
0.642991
0.528972
0.347664
0.205607
0.104673
0.0261682
0.0130841
0.00186916
0
0
0
0
0.00934579
0.0299065
0.0766355
0.158879
0.278505
0.452336
0.594393
0.665421
0.594393
0.437383
0.256075
0.130841
0.192523
0.375701
0.594393
0.706542
0.680374
0.506542
0.295327
0.157009
0.0598131
0.0130841
0.00373832
0
0
0
0
0.00186916
0.0130841
0.0411215
0.0878505
0.188785
0.394393
0.562617
0.717757
0.71028
0.543925
0.37757
0.179439
0.114019
0.22243
0.476636
0.693458
0.783178
0.672897
0.469159
0.239252
0.115888
0.0392523
0.011215
0
0
0
0
0.00186916
0.00186916
0.011215
0.0448598
0.117757
0.254206
0.484112
0.661682
0.788785
0.702804
0.500935
0.300935
0.164486
0.173832
0.299065
0.603738
0.786916
0.824299
0.659813
0.428037
0.201869
0.0953271
0.0373832
0.0149533
0.00186916
0
0
0
0.00186916
0.00186916
0.00934579
0.046729
0.142056
0.349533
0.57757
0.764486
0.852336
0.721495
0.538318
0.340187
0.306542
0.33271
0.500935
0.758879
0.874766
0.850467
0.661682
0.433645
0.229907
0.121495
0.0598131
0.0242991
0.00186916
0
0
0
0.00186916
0.00186916
0.0149533
0.0560748
0.201869
0.435514
0.64486
0.805607
0.871028
0.828037
0.704673
0.596262
0.566355
0.571963
0.725234
0.895327
0.928972
0.850467
0.656075
0.448598
0.259813
0.166355
0.0728972
0.0317757
0.00186916
0
0
0
0
0.00186916
0.0149533
0.0542056
0.220561
0.459813
0.671028
0.792523
0.852336
0.869159
0.852336
0.820561
0.803738
0.829907
0.874766
0.942056
0.940187
0.820561
0.635514
0.4
0.248598
0.149533
0.0635514
0.0224299
0.00186916
0.00186916
0
0
0
0
0.011215
0.0542056
0.209346
0.420561
0.585047
0.708411
0.775701
0.809346
0.820561
0.8
0.814953
0.84486
0.895327
0.947664
0.904673
0.758879
0.542056
0.325234
0.198131
0.100935
0.0485981
0.0205607
0.00186916
0.00186916
0
0
0
0
0.00186916
0.0242991
0.147664
0.276636
0.403738
0.493458
0.540187
0.553271
0.581308
0.579439
0.64486
0.725234
0.814953
0.865421
0.785047
0.598131
0.386916
0.237383
0.136449
0.0579439
0.0242991
0.0149533
0.00373832
0.00186916
0
0
0
0
0
0.011215
0.071028
0.134579
0.205607
0.241121
0.265421
0.282243
0.304673
0.373832
0.491589
0.614953
0.73271
0.725234
0.629907
0.398131
0.269159
0.153271
0.0859813
0.0373832
0.011215
0.00186916
0
0.00186916
0
0
0
0
0
0.00186916
0.0261682
0.0616822
0.0691589
0.0747664
0.0878505
0.104673
0.157009
0.293458
0.420561
0.553271
0.628037
0.620561
0.51028
0.334579
0.224299
0.123364
0.0691589
0.0299065
0.00747664
0.00186916
0
0
0
0
0
0
0
0.00186916
0.00934579
0.0205607
0.0261682
0.0373832
0.0485981
0.082243
0.181308
0.28785
0.428037
0.519626
0.540187
0.540187
0.428037
0.299065
0.209346
0.121495
0.0691589
0.0336449
0.00934579
0.00186916
0
0
0
0
0
0
0
0
0
0.00373832
0.00934579
0.0224299
0.0411215
0.106542
0.203738
0.317757
0.416822
0.459813
0.463551
0.472897
0.364486
0.271028
0.214953
0.127103
0.0747664
0.0373832
0.0149533
0.00373832
0.00186916
0
0
0
0
0
0
0
0.00186916
0.00186916
0.0149533
0.0242991
0.0654206
0.147664
0.231776
0.334579
0.396262
0.413084
0.413084
0.403738
0.351402
0.265421
0.214953
0.123364
0.0728972
0.0392523
0.0168224
0.00560748
0.00186916
0
0
0
0
0
0
0
0.00186916
0.00747664
0.0130841
0.0373832
0.0934579
0.157009
0.237383
0.31028
0.366355
0.357009
0.368224
0.343925
0.323364
0.252336
0.185047
0.123364
0.0691589
0.0317757
0.0149533
0.00560748
0
0
0
0
0
0
0
0
0
0.00560748
0.00934579
0.0299065
0.082243
0.127103
0.17757
0.213084
0.229907
0.250467
0.239252
0.228037
0.211215
0.164486
0.115888
0.071028
0.0336449
0.0186916
0.011215
0.00373832
0
0
0
0
0
0
0
0
0
0
0.00373832
0.00934579
0.0299065
0.0336449
0.0317757
0.0373832
0.0579439
0.082243
0.0841121
0.0691589
0.0448598
0.0261682
0.0205607
0.0168224
0.00747664
0.00373832
0.00373832
0.00186916
0
0
0
0
0
0
0
0
0
0
0
0.00186916
0.00186916
0
0
0
0.00186916
0
0.00186916
0.00373832
0.00373832
0.00373832
0.00186916
0
0
0
0
0
0
0
0
0
0
0
0
0
0
0
0
0
0
0
0
0
0
0
0
0
0
0
0
0
0
0
0
0
0
0
0
0
0
0
0
0
0
0
0
0
0
0
0
0
0
0
0
0
0
0
0
0
0
0
0
0
0
0
0
0
0
0
0
0
0
0
0
0
0
0
0
0
0
0
0
0
0
0
0
0
0
0
0
0
0
0
0
0
0
0
0
0
0
0
0
0
0
0
0
0
0
0
0
0
0
0
0
0
0
0
0
0
0
0
0
0
0
0
0
0
0
0
0
0
0
0
0.00460829
0.00921659
0.0138249
0.0184332
0.0230415
0.0207373
0.0138249
0.00921659
0.0138249
0.0138249
0.016129
0.016129
0.0115207
0.00691244
0
0
0
0
0
0
0
0
0
0
0.00230415
0.0138249
0.0276498
0.0437788
0.0737327
0.0875576
0.124424
0.140553
0.170507
0.182028
0.193548
0.191244
0.179724
0.170507
0.156682
0.124424
0.103687
0.0529954
0.00921659
0
0
0
0
0
0
0
0
0.00921659
0.0368664
0.0645161
0.0990783
0.147465
0.218894
0.285714
0.343318
0.394009
0.428571
0.449309
0.458525
0.4447
0.440092
0.396313
0.33871
0.276498
0.211982
0.142857
0.0460829
0.00691244
0
0
0
0
0
0
0.00460829
0.0276498
0.0576037
0.117512
0.179724
0.271889
0.373272
0.426267
0.516129
0.569124
0.599078
0.610599
0.59447
0.592166
0.578341
0.546083
0.474654
0.380184
0.336406
0.258065
0.129032
0.0207373
0.00230415
0
0
0
0
0
0.0138249
0.0368664
0.0829493
0.16129
0.25576
0.364055
0.47235
0.582949
0.652074
0.672811
0.698157
0.686636
0.663594
0.617512
0.601382
0.573733
0.520737
0.442396
0.407834
0.322581
0.195853
0.0414747
0.00230415
0
0
0
0
0.00230415
0.0184332
0.0414747
0.112903
0.218894
0.317972
0.430876
0.59447
0.663594
0.705069
0.700461
0.686636
0.635945
0.603687
0.578341
0.532258
0.5
0.453917
0.407834
0.343318
0.278802
0.175115
0.0437788
0.00460829
0
0
0
0
0.00691244
0.0184332
0.0506912
0.142857
0.258065
0.396313
0.536866
0.64977
0.684332
0.686636
0.612903
0.516129
0.458525
0.435484
0.40553
0.373272
0.313364
0.264977
0.235023
0.214286
0.172811
0.103687
0.0207373
0.00230415
0
0
0
0
0.00691244
0.016129
0.062212
0.168203
0.324885
0.490783
0.668203
0.725806
0.746544
0.679724
0.557604
0.451613
0.35023
0.299539
0.258065
0.193548
0.165899
0.12212
0.0852535
0.0668203
0.062212
0.0345622
0.00460829
0
0
0
0
0
0.0115207
0.0184332
0.0898618
0.209677
0.394009
0.587558
0.741935
0.801843
0.751152
0.635945
0.529954
0.419355
0.347926
0.253456
0.177419
0.115207
0.0668203
0.0368664
0.0207373
0.016129
0.016129
0.00921659
0.00230415
0
0
0
0
0
0.00921659
0.0230415
0.115207
0.251152
0.463134
0.675115
0.78341
0.817972
0.762673
0.645161
0.541475
0.453917
0.384793
0.308756
0.239631
0.14977
0.0921659
0.0483871
0.016129
0.016129
0.00230415
0.00230415
0
0
0
0
0
0
0.00921659
0.0322581
0.112903
0.264977
0.483871
0.693548
0.792627
0.841014
0.762673
0.707373
0.615207
0.562212
0.488479
0.43318
0.341014
0.241935
0.158986
0.0760369
0.0299539
0.00691244
0.00460829
0
0
0
0
0
0
0
0.00691244
0.0322581
0.110599
0.260369
0.440092
0.624424
0.709677
0.741935
0.718894
0.675115
0.635945
0.587558
0.571429
0.516129
0.447005
0.331797
0.228111
0.129032
0.0460829
0.0184332
0.00691244
0
0
0
0
0
0
0.00460829
0.0115207
0.0391705
0.09447
0.168203
0.317972
0.43318
0.513825
0.536866
0.541475
0.520737
0.520737
0.525346
0.532258
0.541475
0.479263
0.419355
0.285714
0.16129
0.0760369
0.0276498
0.00691244
0.00230415
0
0
0
0
0
0.00460829
0.0276498
0.0506912
0.0875576
0.133641
0.186636
0.262673
0.308756
0.327189
0.327189
0.361751
0.400922
0.449309
0.5
0.552995
0.520737
0.440092
0.322581
0.205069
0.09447
0.0391705
0.00921659
0.00230415
0
0
0
0
0
0.00460829
0.0299539
0.0898618
0.168203
0.170507
0.158986
0.142857
0.163594
0.163594
0.18894
0.251152
0.322581
0.423963
0.504608
0.541475
0.541475
0.458525
0.352535
0.223502
0.119816
0.0552995
0.00691244
0.00230415
0
0
0
0
0.00230415
0.00230415
0.0414747
0.156682
0.281106
0.306452
0.225806
0.172811
0.133641
0.126728
0.152074
0.241935
0.341014
0.435484
0.546083
0.56682
0.56682
0.453917
0.345622
0.221198
0.12212
0.0599078
0.00691244
0.00230415
0
0
0
0
0.00460829
0.00691244
0.0483871
0.193548
0.389401
0.467742
0.417051
0.352535
0.288018
0.271889
0.301843
0.368664
0.453917
0.523041
0.576037
0.601382
0.578341
0.451613
0.31106
0.207373
0.110599
0.0506912
0.00921659
0.00230415
0
0
0
0
0.00460829
0.00691244
0.0391705
0.195853
0.437788
0.557604
0.580645
0.543779
0.520737
0.486175
0.504608
0.552995
0.576037
0.624424
0.624424
0.605991
0.536866
0.398618
0.274194
0.165899
0.0668203
0.0437788
0.0138249
0
0
0
0
0
0
0.00230415
0.0322581
0.163594
0.373272
0.559908
0.635945
0.695853
0.702765
0.702765
0.693548
0.691244
0.684332
0.684332
0.647465
0.596774
0.451613
0.329493
0.221198
0.115207
0.0529954
0.0299539
0.00921659
0
0
0
0
0
0
0
0.0138249
0.0829493
0.25576
0.410138
0.546083
0.672811
0.746544
0.748848
0.735023
0.735023
0.714286
0.654378
0.59447
0.467742
0.357143
0.21659
0.124424
0.0645161
0.0345622
0.0184332
0.00460829
0
0
0
0
0
0
0
0.00691244
0.0253456
0.131336
0.237327
0.35023
0.486175
0.580645
0.631336
0.638249
0.615207
0.585253
0.520737
0.40553
0.306452
0.186636
0.117512
0.0599078
0.0345622
0.0184332
0.00691244
0.00230415
0
0
0
0
0
0
0
0.00460829
0.00691244
0.0368664
0.0737327
0.133641
0.198157
0.253456
0.294931
0.317972
0.313364
0.288018
0.225806
0.16129
0.115207
0.0668203
0.0345622
0.0299539
0.016129
0.00921659
0.00230415
0
0
0
0
0
0
0
0
0
0.00230415
0.00691244
0.0207373
0.0299539
0.0529954
0.0599078
0.062212
0.0599078
0.0529954
0.0483871
0.0276498
0.0230415
0.016129
0.00921659
0.00230415
0
0
0
0
0
0
0
0
0
0
0
0
0
0
0.00230415
0.00230415
0.00460829
0.00460829
0.00691244
0.00691244
0.00921659
0.00691244
0.00230415
0.00230415
0.00230415
0.00230415
0.00230415
0
0
0
0
0
0
0
0
0
0
0
0
0
0
0
0
0
0
0
0
0
0
0
0
0
0
0
0
0
0
0
0
0
0
0
0
0
0
0
0
0
0
0
0
0
0
0
0
0
0
0
0
0
0
0
0
0
0
0
0
0
0
0
0
0
0
0
0
0
0
0
0
0.00199601
0.00399202
0.00399202
0.00798403
0.00598802
0.00798403
0.00798403
0.00998004
0.0139721
0.00998004
0.00798403
0.00598802
0.00598802
0.00598802
0.00399202
0.00199601
0
0
0
0
0
0
0
0
0
0.00199601
0
0.00199601
0.00598802
0.00798403
0.0139721
0.0319361
0.0419162
0.0558882
0.103792
0.149701
0.207585
0.267465
0.269461
0.219561
0.149701
0.0838323
0.0379242
0.0139721
0.00199601
0
0
0
0
0
0
0
0
0
0.00199601
0.00598802
0.00598802
0.011976
0.0319361
0.0538922
0.0898204
0.135729
0.219561
0.351297
0.477046
0.550898
0.560878
0.45509
0.325349
0.179641
0.0738523
0.0319361
0.00998004
0.00199601
0
0
0
0
0
0
0
0
0.00598802
0.00598802
0.00998004
0.0219561
0.0518962
0.0958084
0.153693
0.215569
0.345309
0.506986
0.606786
0.674651
0.634731
0.487026
0.319361
0.185629
0.0838323
0.0299401
0.0179641
0.00399202
0
0
0
0
0
0
0
0
0.00598802
0.00798403
0.0139721
0.0299401
0.0858283
0.129741
0.215569
0.339321
0.481038
0.612774
0.688623
0.668663
0.550898
0.387226
0.251497
0.137725
0.0479042
0.0259481
0.0159681
0.00399202
0.00199601
0.00199601
0
0
0
0.00199601
0
0
0.00199601
0.011976
0.0239521
0.0578842
0.107784
0.187625
0.307385
0.45509
0.60479
0.702595
0.686627
0.578842
0.39521
0.257485
0.135729
0.0558882
0.0299401
0.0139721
0.00798403
0.00399202
0.00199601
0.00199601
0.00199601
0
0
0
0
0
0.00399202
0.011976
0.0319361
0.0738523
0.161677
0.261477
0.403194
0.568862
0.688623
0.702595
0.588822
0.429142
0.265469
0.139721
0.0618762
0.0259481
0.0139721
0.011976
0.00598802
0.00399202
0.00199601
0.00199601
0.00199601
0
0
0
0
0
0.00798403
0.0159681
0.0459082
0.113772
0.223553
0.349301
0.53493
0.662675
0.718563
0.638723
0.473054
0.293413
0.161677
0.0578842
0.0339321
0.0179641
0.0139721
0.0139721
0.00998004
0.00199601
0
0.00199601
0
0
0
0
0
0
0.00998004
0.0319361
0.0758483
0.167665
0.291417
0.45509
0.644711
0.706587
0.694611
0.520958
0.345309
0.181637
0.0638723
0.0359281
0.0299401
0.0339321
0.0279441
0.0179641
0.011976
0.00199601
0
0
0
0
0
0
0
0
0.00798403
0.0538922
0.0998004
0.223553
0.391218
0.57485
0.720559
0.722555
0.61477
0.417166
0.225549
0.113772
0.0718563
0.0818363
0.0998004
0.0978044
0.0698603
0.0499002
0.0279441
0.00998004
0.00199601
0
0
0
0
0
0
0
0.0219561
0.0598802
0.133733
0.275449
0.467066
0.670659
0.740519
0.688623
0.530938
0.317365
0.181637
0.163673
0.229541
0.269461
0.273453
0.231537
0.175649
0.0978044
0.0638723
0.0379242
0.00399202
0
0
0
0
0
0
0.00199601
0.0259481
0.0838323
0.177645
0.349301
0.578842
0.742515
0.762475
0.638723
0.451098
0.329341
0.321357
0.417166
0.479042
0.497006
0.471058
0.403194
0.295409
0.191617
0.103792
0.0578842
0.0179641
0
0
0
0
0
0
0.00399202
0.0299401
0.10978
0.213573
0.45509
0.658683
0.772455
0.754491
0.590818
0.46507
0.45509
0.556886
0.652695
0.680639
0.654691
0.602794
0.538922
0.427146
0.251497
0.153693
0.0818363
0.0279441
0
0
0
0
0
0
0.00399202
0.0399202
0.135729
0.283433
0.528942
0.726547
0.792415
0.716567
0.566866
0.556886
0.660679
0.776447
0.822355
0.776447
0.700599
0.640719
0.592814
0.487026
0.313373
0.171657
0.0778443
0.0259481
0
0
0
0
0
0
0.00199601
0.0379242
0.155689
0.337325
0.59481
0.762475
0.792415
0.694611
0.608782
0.656687
0.734531
0.796407
0.756487
0.708583
0.676647
0.654691
0.618762
0.532934
0.333333
0.195609
0.0838323
0.0219561
0
0
0
0
0
0
0.00199601
0.0479042
0.157685
0.349301
0.632735
0.794411
0.822355
0.722555
0.656687
0.716567
0.748503
0.710579
0.634731
0.608782
0.634731
0.698603
0.666667
0.518962
0.323353
0.167665
0.0798403
0.0239521
0
0
0
0
0
0
0.00199601
0.0399202
0.155689
0.369261
0.632735
0.804391
0.854291
0.768463
0.726547
0.714571
0.672655
0.57485
0.566866
0.602794
0.710579
0.760479
0.664671
0.50499
0.275449
0.125749
0.0658683
0.0179641
0.00199601
0
0
0
0
0
0.00199601
0.0219561
0.123752
0.339321
0.588822
0.812375
0.886228
0.856287
0.826347
0.734531
0.662675
0.640719
0.686627
0.764471
0.802395
0.758483
0.612774
0.367265
0.205589
0.0958084
0.0479042
0.00998004
0.00199601
0
0
0
0
0
0.00199601
0.011976
0.0838323
0.259481
0.499002
0.734531
0.882236
0.928144
0.884232
0.834331
0.824351
0.804391
0.854291
0.862275
0.816367
0.670659
0.43513
0.267465
0.107784
0.0618762
0.0199601
0.00199601
0
0
0
0
0
0
0.00199601
0.00998004
0.0499002
0.163673
0.347305
0.578842
0.792415
0.908184
0.944112
0.94012
0.932136
0.91018
0.876248
0.810379
0.652695
0.447106
0.269461
0.123752
0.0578842
0.0239521
0.00598802
0.00199601
0
0
0
0
0
0
0
0.00399202
0.0179641
0.0778443
0.171657
0.347305
0.562874
0.748503
0.858283
0.874251
0.870259
0.806387
0.720559
0.552894
0.373253
0.211577
0.113772
0.0439122
0.0199601
0.00399202
0
0
0
0
0
0
0
0
0
0
0.00399202
0.0279441
0.0439122
0.0998004
0.193613
0.279441
0.351297
0.389222
0.373253
0.333333
0.269461
0.183633
0.111776
0.0598802
0.0199601
0.00798403
0.00199601
0
0
0
0
0
0
0
0
0
0
0
0
0.00399202
0.00798403
0.00998004
0.0159681
0.0219561
0.0339321
0.0399202
0.0399202
0.0359281
0.0279441
0.0159681
0.00998004
0.00798403
0.00399202
0
0
0
0
0
0
0
0
0
0
0
0
0
0
0
0
0
0
0
0
0
0
0
0
0
0
0
0
0
0
0
0
0
0
0
0
0
0
0
0
0
0
0
0
0
0
0
0
0
0
0
0
0
0
0
0
0
0
0
0
0
0
0
0
0
0
0
0
0
0
0
0
0
0
0
0
0
0
0
0
0
0
0
0
0
0
0
0
0
0
0
0
0
0
0
0
0
0
0
0
0
0
0
0
0
0
0
0
0
0
0
0
0
0
0
0
0
0
0
0
0
0
0
0
0
0
0
0
0
0
0
0
0
0
0
0
0
0
0
0
0
0
0
0
0
0
0
0
0
0
0
0
0
0
0
0
0
0
0
0
0
0
0
0
0
0
0
0
0
0
0
0
0
0
0
0
0
0
0
0
0
0
0
0
0
0
0
0
0
0
0
0
0
0
0
0
0
0
0
0
0
0
0
0
0
0
0
0
0
0
0
0
0
0
0
0
0
0
0
0
0
0
0
0
0
0
0
0
0
0
0
0
0
0
0
0
0
0
0
0
0
0
0.00181818
0.00181818
0.00181818
0.00181818
0.00181818
0
0
0
0
0
0
0
0
0
0
0
0
0
0
0
0
0
0.00181818
0.00181818
0.00727273
0.00909091
0.0109091
0.0145455
0.0145455
0.0163636
0.0145455
0.0163636
0.0145455
0.0127273
0.00545455
0.00181818
0
0
0.00181818
0.00181818
0
0
0
0
0
0
0
0
0
0.00727273
0.02
0.0381818
0.0581818
0.0727273
0.0854545
0.12
0.123636
0.145455
0.163636
0.169091
0.165455
0.158182
0.136364
0.116364
0.0727273
0.0436364
0.0272727
0.0218182
0.00909091
0
0
0
0
0.00181818
0.00181818
0.00363636
0.0163636
0.0490909
0.0890909
0.167273
0.221818
0.303636
0.409091
0.46
0.521818
0.563636
0.594545
0.616364
0.614545
0.627273
0.6
0.550909
0.454545
0.312727
0.190909
0.0890909
0.0290909
0.00545455
0
0
0
0.00181818
0.00363636
0.0163636
0.0490909
0.116364
0.207273
0.318182
0.450909
0.574545
0.661818
0.750909
0.798182
0.830909
0.838182
0.849091
0.869091
0.856364
0.830909
0.805455
0.690909
0.503636
0.350909
0.167273
0.0636364
0.00909091
0
0
0
0.00181818
0.00909091
0.0272727
0.0672727
0.154545
0.28
0.392727
0.558182
0.689091
0.787273
0.841818
0.867273
0.870909
0.867273
0.856364
0.878182
0.916364
0.914545
0.874545
0.767273
0.603636
0.403636
0.2
0.0763636
0.0109091
0
0
0
0
0.00727273
0.0272727
0.0745455
0.172727
0.278182
0.392727
0.54
0.650909
0.716364
0.745455
0.712727
0.658182
0.625455
0.601818
0.645455
0.74
0.852727
0.870909
0.778182
0.603636
0.389091
0.174545
0.06
0.0109091
0
0
0
0
0.00545455
0.02
0.0672727
0.14
0.196364
0.305455
0.438182
0.512727
0.541818
0.492727
0.427273
0.365455
0.323636
0.298182
0.42
0.618182
0.778182
0.852727
0.756364
0.570909
0.338182
0.149091
0.0509091
0.00727273
0
0
0
0
0.00181818
0.0163636
0.0509091
0.1
0.147273
0.243636
0.312727
0.363636
0.365455
0.32
0.24
0.176364
0.152727
0.185455
0.334545
0.58
0.792727
0.836364
0.687273
0.505455
0.272727
0.110909
0.0363636
0.00363636
0
0
0
0
0.00181818
0.00545455
0.0309091
0.0636364
0.0945455
0.156364
0.212727
0.234545
0.24
0.190909
0.130909
0.0927273
0.0836364
0.165455
0.389091
0.663636
0.821818
0.812727
0.647273
0.398182
0.205455
0.0818182
0.02
0.00363636
0.00181818
0
0
0
0
0.00181818
0.0127273
0.0454545
0.0709091
0.112727
0.154545
0.169091
0.143636
0.105455
0.0818182
0.0763636
0.1
0.227273
0.518182
0.76
0.829091
0.789091
0.550909
0.303636
0.158182
0.0709091
0.0290909
0.00909091
0.00545455
0
0
0
0
0
0.00545455
0.0345455
0.0563636
0.0763636
0.114545
0.109091
0.103636
0.0981818
0.0945455
0.107273
0.170909
0.405455
0.661818
0.832727
0.858182
0.714545
0.443636
0.269091
0.127273
0.0709091
0.0327273
0.0109091
0.00545455
0
0
0
0
0
0.00363636
0.0218182
0.0454545
0.0636364
0.08
0.0981818
0.0981818
0.1
0.118182
0.145455
0.289091
0.569091
0.756364
0.856364
0.812727
0.590909
0.370909
0.201818
0.0981818
0.0472727
0.0254545
0.00727273
0.00181818
0
0
0
0
0
0.00363636
0.0163636
0.0290909
0.0363636
0.06
0.0727273
0.0745455
0.0927273
0.136364
0.22
0.449091
0.676364
0.832727
0.843636
0.669091
0.434545
0.258182
0.127273
0.0545455
0.0327273
0.0163636
0.00909091
0.00363636
0
0
0
0
0.00363636
0.00363636
0.00727273
0.00727273
0.0163636
0.0272727
0.0454545
0.0509091
0.0818182
0.150909
0.321818
0.543636
0.743636
0.818182
0.74
0.505455
0.327273
0.161818
0.08
0.0345455
0.0145455
0.00727273
0.00363636
0
0
0
0
0
0.00363636
0.00181818
0.00181818
0.00181818
0.00363636
0.0109091
0.0163636
0.0345455
0.0927273
0.218182
0.436364
0.623636
0.763636
0.772727
0.603636
0.376364
0.232727
0.0872727
0.0527273
0.0236364
0.00727273
0.00181818
0.00181818
0
0
0
0
0
0
0
0
0
0.00363636
0.0109091
0.0181818
0.0672727
0.165455
0.349091
0.523636
0.68
0.74
0.647273
0.483636
0.298182
0.158182
0.0636364
0.0381818
0.0163636
0.00545455
0
0
0
0
0
0
0
0
0
0
0.00363636
0.00727273
0.0181818
0.0545455
0.138182
0.26
0.443636
0.567273
0.678182
0.64
0.527273
0.4
0.243636
0.114545
0.0472727
0.0309091
0.0127273
0.00181818
0
0
0
0
0
0
0
0
0
0.00181818
0.00545455
0.0127273
0.0381818
0.105455
0.210909
0.374545
0.474545
0.58
0.614545
0.556364
0.46
0.330909
0.196364
0.0945455
0.04
0.0290909
0.0145455
0.00545455
0
0
0
0
0
0
0
0
0
0.00363636
0.0145455
0.0272727
0.0890909
0.169091
0.289091
0.403636
0.494545
0.550909
0.518182
0.470909
0.4
0.294545
0.158182
0.0818182
0.0363636
0.0272727
0.0109091
0.00363636
0
0
0
0
0
0
0
0
0
0.00545455
0.02
0.0509091
0.125455
0.227273
0.341818
0.421818
0.456364
0.490909
0.434545
0.412727
0.338182
0.263636
0.158182
0.0818182
0.0345455
0.0254545
0.0127273
0.00545455
0
0
0
0
0
0
0
0
0
0.00181818
0.0236364
0.0690909
0.149091
0.238182
0.325455
0.372727
0.403636
0.385455
0.36
0.356364
0.283636
0.225455
0.147273
0.0745455
0.0327273
0.0218182
0.0127273
0.00727273
0.00181818
0
0
0
0
0
0
0
0
0.00181818
0.0109091
0.0490909
0.1
0.16
0.196364
0.234545
0.256364
0.230909
0.210909
0.205455
0.192727
0.130909
0.0963636
0.0545455
0.0290909
0.0181818
0.0109091
0.00545455
0.00181818
0
0
0
0
0
0
0
0
0
0.00181818
0.00545455
0.00909091
0.0127273
0.0145455
0.0236364
0.0345455
0.0454545
0.0472727
0.0436364
0.0345455
0.0272727
0.0236364
0.0127273
0.00545455
0.00181818
0.00363636
0.00363636
0
0
0
0
0
0
0
0
0
0
0
0
0
0
0
0
0
0
0
0
0
0
0
0
0
0
0
0
0
0
0
0
0
0
0
0
0
0
0
0
0
0
0
0
0
0
0
0
0
0
0
0
0
0
0
0
0
0
0
0
0
0
0
0
0
0
0
0
0
0
0
0
0
0
0
0
0
0
0
0
0
0
0
0
0
0
0
0
0
0
0
0
0
0
0
0
0
0
0
0.0021645
0.0021645
0.004329
0.00649351
0.00649351
0.00865801
0.0108225
0.00865801
0.00865801
0.004329
0.0021645
0
0
0
0
0
0
0
0
0
0
0
0
0.0021645
0
0.0021645
0.004329
0.00865801
0.017316
0.04329
0.0822511
0.121212
0.170996
0.214286
0.229437
0.225108
0.188312
0.136364
0.0909091
0.04329
0.017316
0.00865801
0.0021645
0
0
0
0
0
0
0
0
0
0.0021645
0.00649351
0.0194805
0.0757576
0.158009
0.298701
0.411255
0.554113
0.679654
0.768398
0.798701
0.742424
0.640693
0.495671
0.34632
0.227273
0.119048
0.0562771
0.025974
0.00649351
0.004329
0
0
0
0
0
0.0021645
0
0.0108225
0.034632
0.108225
0.229437
0.374459
0.541126
0.681818
0.820346
0.885281
0.88961
0.88961
0.850649
0.785714
0.660173
0.517316
0.372294
0.229437
0.121212
0.0584416
0.0151515
0.00865801
0.004329
0
0
0
0
0.0021645
0.00865801
0.0281385
0.103896
0.21645
0.380952
0.530303
0.679654
0.757576
0.82684
0.82684
0.807359
0.774892
0.764069
0.746753
0.679654
0.573593
0.448052
0.313853
0.183983
0.0865801
0.0238095
0.0108225
0.004329
0
0
0
0
0.004329
0.0238095
0.0692641
0.151515
0.292208
0.480519
0.636364
0.718615
0.748918
0.690476
0.61039
0.54329
0.532468
0.5671
0.634199
0.634199
0.58658
0.502165
0.396104
0.225108
0.112554
0.0324675
0.0108225
0.0021645
0
0
0
0
0.012987
0.0367965
0.0974026
0.17316
0.324675
0.506494
0.65368
0.683983
0.645022
0.530303
0.422078
0.333333
0.393939
0.506494
0.627706
0.670996
0.645022
0.525974
0.383117
0.24026
0.116883
0.034632
0.0021645
0
0
0
0
0
0.012987
0.047619
0.0909091
0.199134
0.298701
0.493506
0.636364
0.677489
0.623377
0.474026
0.367965
0.333333
0.441558
0.569264
0.703463
0.712121
0.664502
0.489177
0.30303
0.181818
0.0779221
0.012987
0.0021645
0
0
0
0
0
0.012987
0.047619
0.0930736
0.188312
0.287879
0.4329
0.601732
0.679654
0.666667
0.573593
0.4329
0.469697
0.599567
0.74026
0.764069
0.694805
0.547619
0.363636
0.201299
0.0930736
0.030303
0.0108225
0.0021645
0.0021645
0
0
0
0
0.0108225
0.0367965
0.0844156
0.145022
0.246753
0.396104
0.541126
0.690476
0.738095
0.686147
0.623377
0.705628
0.796537
0.822511
0.703463
0.551948
0.378788
0.205628
0.101732
0.0367965
0.0238095
0.00649351
0.0021645
0.0021645
0
0
0
0
0.00865801
0.025974
0.0584416
0.119048
0.201299
0.320346
0.465368
0.688312
0.835498
0.854978
0.837662
0.865801
0.902597
0.792208
0.558442
0.354978
0.19697
0.103896
0.0584416
0.0281385
0.0151515
0.00649351
0
0
0
0
0
0
0
0.017316
0.038961
0.0844156
0.155844
0.253247
0.4329
0.683983
0.883117
0.924242
0.939394
0.950216
0.893939
0.677489
0.422078
0.214286
0.112554
0.0606061
0.0324675
0.0194805
0.0108225
0.0021645
0
0
0
0
0
0
0
0.00865801
0.0281385
0.0562771
0.114719
0.253247
0.471861
0.744589
0.898268
0.950216
0.935065
0.917749
0.785714
0.551948
0.344156
0.175325
0.106061
0.0519481
0.0238095
0.021645
0.0108225
0
0
0
0
0
0
0
0.0021645
0.012987
0.030303
0.0649351
0.151515
0.363636
0.603896
0.811688
0.880952
0.88961
0.837662
0.805195
0.712121
0.528139
0.357143
0.207792
0.116883
0.0714286
0.030303
0.0194805
0.0108225
0
0
0
0
0
0
0
0.004329
0.0151515
0.0454545
0.140693
0.279221
0.515152
0.746753
0.831169
0.78355
0.709957
0.686147
0.662338
0.640693
0.532468
0.372294
0.246753
0.140693
0.0865801
0.0541126
0.0281385
0.0108225
0
0
0
0
0
0
0
0.004329
0.030303
0.0930736
0.238095
0.415584
0.647186
0.757576
0.75974
0.651515
0.551948
0.52381
0.590909
0.584416
0.525974
0.393939
0.264069
0.186147
0.108225
0.0649351
0.0324675
0.0108225
0
0
0
0
0
0
0
0.004329
0.0562771
0.140693
0.320346
0.497835
0.681818
0.74026
0.62987
0.491342
0.454545
0.471861
0.538961
0.558442
0.512987
0.4329
0.305195
0.188312
0.116883
0.0606061
0.030303
0.00865801
0
0
0
0
0
0
0
0.00649351
0.0714286
0.205628
0.372294
0.558442
0.720779
0.666667
0.584416
0.484848
0.484848
0.534632
0.545455
0.571429
0.554113
0.45671
0.322511
0.192641
0.116883
0.0519481
0.025974
0.00649351
0
0
0
0
0
0
0
0.00865801
0.0844156
0.205628
0.380952
0.5671
0.677489
0.709957
0.690476
0.666667
0.677489
0.683983
0.645022
0.612554
0.541126
0.419913
0.30303
0.17316
0.0930736
0.047619
0.021645
0.004329
0
0
0
0
0
0
0
0.004329
0.0735931
0.181818
0.348485
0.512987
0.662338
0.80303
0.850649
0.878788
0.854978
0.794372
0.705628
0.590909
0.495671
0.380952
0.244589
0.132035
0.0584416
0.0411255
0.012987
0.004329
0
0
0
0
0
0
0
0
0.047619
0.134199
0.255411
0.402597
0.551948
0.705628
0.82684
0.874459
0.854978
0.748918
0.616883
0.493506
0.391775
0.257576
0.151515
0.0627706
0.0324675
0.021645
0.004329
0.0021645
0
0
0
0
0
0
0
0
0.0151515
0.0627706
0.119048
0.203463
0.292208
0.396104
0.47619
0.519481
0.506494
0.439394
0.357143
0.274892
0.205628
0.123377
0.0670996
0.034632
0.021645
0.004329
0
0
0
0
0
0
0
0
0
0
0
0
0.00649351
0.00865801
0.012987
0.0194805
0.030303
0.0411255
0.047619
0.047619
0.0367965
0.025974
0.0151515
0.012987
0.0108225
0.004329
0
0
0
0
0
0
0
0
0
0
0
0
0
0
0
0
0
0
0
0
0
0
0
0
0
0
0
0
0.0021645
0.0021645
0.0021645
0
0
0
0
0
0
0
0
0
0
0
0
0
0
0
0
0
0
0
0
0
0
0
0
0
0
0
0
0
0
0
0
0
0
0
0
0
0
0
0
0
0
0
0
0
0
0
0
0
0
0
0
0
0
0
0
0
0
0
0
0
0
0
0
0
0
0
0
0
0
0
0
0
0
0
0
0
0
0
0
0
0
0
0
0
0
0
0
0
0
0
0
0
0
0
0
0
0
0
0
0
0
0
0
0
0
0
0
0
0
0
0
0
0
0
0
0
0
0
0
0
0
0
0
0
0
0
0
0
0
0
0
0
0
0
0
0
0
0
0
0
0
0
0
0
0
0
0
0
0
0
0
0
0
0.0020202
0.0040404
0.00606061
0.00606061
0.00606061
0.00606061
0.00606061
0.0020202
0
0
0
0
0
0
0
0
0
0
0
0
0
0
0
0
0
0
0
0.0020202
0.010101
0.0262626
0.0383838
0.040404
0.0505051
0.0585859
0.0464646
0.040404
0.0242424
0.0141414
0.0121212
0.0020202
0
0
0
0
0
0
0
0
0
0
0
0
0.0040404
0.00808081
0.020202
0.0606061
0.119192
0.191919
0.343434
0.486869
0.579798
0.612121
0.587879
0.49697
0.373737
0.258586
0.149495
0.0606061
0.00606061
0.0020202
0
0
0
0
0
0
0
0
0
0.0040404
0.0121212
0.0383838
0.0848485
0.183838
0.323232
0.519192
0.739394
0.862626
0.943434
0.939394
0.913131
0.830303
0.658586
0.476768
0.29899
0.139394
0.040404
0.0161616
0.0040404
0
0
0
0
0
0
0
0.0040404
0.0121212
0.0464646
0.105051
0.185859
0.357576
0.589899
0.818182
0.913131
0.915152
0.888889
0.836364
0.830303
0.836364
0.755556
0.60404
0.39798
0.210101
0.0828283
0.020202
0.0040404
0
0
0
0
0
0
0
0.00808081
0.0383838
0.0868687
0.175758
0.333333
0.575758
0.80202
0.872727
0.836364
0.682828
0.585859
0.527273
0.6
0.69899
0.735354
0.648485
0.442424
0.228283
0.0989899
0.030303
0.0020202
0
0
0
0
0
0
0
0.0141414
0.0686869
0.121212
0.262626
0.468687
0.763636
0.816162
0.789899
0.60202
0.379798
0.232323
0.278788
0.442424
0.666667
0.753535
0.713131
0.488889
0.248485
0.113131
0.030303
0.00606061
0
0
0
0
0
0
0
0.0242424
0.0909091
0.167677
0.353535
0.59596
0.787879
0.763636
0.620202
0.343434
0.171717
0.163636
0.30303
0.547475
0.773737
0.826263
0.723232
0.486869
0.244444
0.0929293
0.0161616
0.0040404
0.0020202
0
0
0
0
0
0.0040404
0.030303
0.0989899
0.214141
0.446465
0.642424
0.773737
0.723232
0.450505
0.284848
0.220202
0.315152
0.513131
0.745455
0.882828
0.846465
0.713131
0.430303
0.20404
0.0484848
0.010101
0.0020202
0.0020202
0
0
0
0
0
0.00808081
0.0363636
0.0989899
0.222222
0.476768
0.652525
0.757576
0.680808
0.490909
0.408081
0.470707
0.571717
0.741414
0.864646
0.935354
0.842424
0.624242
0.337374
0.125253
0.0424242
0.0040404
0.0020202
0.0020202
0.0020202
0
0
0
0
0.00808081
0.0323232
0.0969697
0.206061
0.426263
0.612121
0.709091
0.709091
0.638384
0.636364
0.664646
0.751515
0.842424
0.925253
0.943434
0.787879
0.50303
0.228283
0.0949495
0.0343434
0.00606061
0
0.0020202
0.0020202
0
0
0
0
0.00606061
0.0242424
0.0868687
0.167677
0.347475
0.531313
0.624242
0.678788
0.688889
0.694949
0.709091
0.773737
0.866667
0.927273
0.89899
0.680808
0.377778
0.167677
0.0585859
0.0282828
0.0040404
0
0.0020202
0.0040404
0
0
0
0
0.0040404
0.0141414
0.0505051
0.123232
0.232323
0.381818
0.492929
0.579798
0.59798
0.608081
0.634343
0.705051
0.846465
0.911111
0.80202
0.551515
0.286869
0.121212
0.0545455
0.0161616
0.0020202
0
0.0020202
0.0020202
0
0
0
0.0020202
0.0040404
0.0040404
0.0282828
0.0707071
0.131313
0.206061
0.30303
0.373737
0.4
0.424242
0.521212
0.674747
0.812121
0.842424
0.705051
0.444444
0.234343
0.109091
0.0363636
0.0141414
0.00606061
0
0
0
0
0
0
0.0020202
0.0020202
0.0020202
0.0121212
0.0262626
0.0565657
0.10303
0.149495
0.187879
0.226263
0.309091
0.460606
0.666667
0.757576
0.757576
0.581818
0.363636
0.214141
0.0929293
0.030303
0.020202
0.010101
0.0020202
0
0
0
0
0
0
0.0020202
0.0020202
0.010101
0.0161616
0.0323232
0.0464646
0.0606061
0.115152
0.179798
0.288889
0.468687
0.618182
0.664646
0.630303
0.458586
0.29899
0.187879
0.0969697
0.0262626
0.020202
0.00808081
0.00606061
0
0
0
0
0
0
0.0020202
0.0020202
0.0040404
0.0161616
0.0181818
0.0242424
0.0626263
0.0989899
0.181818
0.347475
0.507071
0.585859
0.581818
0.505051
0.39596
0.260606
0.169697
0.0949495
0.0363636
0.020202
0.00808081
0.00606061
0
0
0
0
0
0
0
0.0020202
0.0040404
0.0121212
0.0222222
0.040404
0.0828283
0.161616
0.280808
0.406061
0.49899
0.549495
0.527273
0.450505
0.313131
0.242424
0.161616
0.0969697
0.0505051
0.020202
0.00808081
0.00606061
0
0
0
0
0
0
0
0
0.0020202
0.0141414
0.0323232
0.0686869
0.129293
0.222222
0.335354
0.444444
0.488889
0.492929
0.442424
0.367677
0.290909
0.236364
0.173737
0.109091
0.0545455
0.020202
0.00808081
0.00606061
0
0
0
0
0
0
0
0.0020202
0.0040404
0.0161616
0.0545455
0.105051
0.173737
0.284848
0.353535
0.426263
0.438384
0.428283
0.383838
0.321212
0.276768
0.236364
0.161616
0.119192
0.0606061
0.0262626
0.0121212
0.0040404
0
0
0
0
0
0
0
0.0040404
0.010101
0.0262626
0.0666667
0.123232
0.20202
0.294949
0.349495
0.385859
0.369697
0.351515
0.325253
0.286869
0.248485
0.222222
0.149495
0.10101
0.0626263
0.0323232
0.0141414
0.0020202
0
0
0
0
0
0
0
0.0020202
0.0121212
0.0323232
0.0707071
0.125253
0.187879
0.256566
0.294949
0.294949
0.284848
0.268687
0.246465
0.230303
0.20404
0.173737
0.107071
0.0808081
0.0525253
0.0262626
0.00808081
0.0040404
0
0
0
0
0
0
0.0020202
0.0040404
0.00606061
0.0121212
0.0242424
0.0444444
0.0606061
0.0727273
0.0787879
0.0828283
0.0787879
0.0848485
0.0747475
0.0686869
0.0626263
0.0505051
0.0262626
0.020202
0.0141414
0.00606061
0.0020202
0
0
0
0
0
0
0
0
0
0
0
0
0
0
0
0
0.0020202
0.0020202
0.0040404
0.0020202
0.0020202
0
0.0020202
0.0040404
0.0020202
0
0
0
0
0
0
0
