1
1
1
1
1
1
1
1
1
1
1
1
1
1
1
1
1
1
1
1
1
1
1
1
1
1
1
1
1
1
1
1
1
1
1
1
1
1
1
1
1
1
1
1
1
1
1
1
1
1
1
1
1
1
1
1
1
1
1
1
1
1
1
1
1
1
1
1
1
1
1
1
1
1
1
1
1
1
1
1
1
1
1
1
1
1
1
1
1
1
1
1
1
1
0.997912
0.991649
0.985386
0.977035
0.970772
0.968685
0.970772
0.968685
0.974948
0.987474
0.991649
0.997912
1
1
1
1
1
1
1
1
1
1
1
1
1
0.997912
0.991649
0.977035
0.949896
0.878914
0.791232
0.713987
0.63048
0.578288
0.588727
0.580376
0.643006
0.724426
0.824635
0.889353
0.93737
0.977035
0.995825
1
1
1
1
1
1
1
1
1
0.997912
0.993737
0.97286
0.91858
0.816284
0.728601
0.592902
0.440501
0.321503
0.240084
0.223382
0.246347
0.361169
0.480167
0.643006
0.751566
0.872651
0.94572
0.991649
1
1
1
1
1
1
1
0.995825
0.995825
0.993737
0.977035
0.931106
0.812109
0.68476
0.563674
0.413361
0.277662
0.189979
0.121086
0.102296
0.11691
0.192067
0.300626
0.450939
0.63048
0.77453
0.906054
0.981211
1
1
1
1
1
1
1
0.997912
0.995825
0.987474
0.941545
0.826722
0.695198
0.563674
0.39666
0.242171
0.139875
0.127349
0.106472
0.110647
0.091858
0.121086
0.177453
0.292276
0.488518
0.701461
0.858038
0.962422
1
1
1
1
1
1
1
0.997912
0.991649
0.958246
0.889353
0.745303
0.592902
0.384134
0.267223
0.181628
0.158664
0.187891
0.212944
0.242171
0.202505
0.177453
0.14405
0.240084
0.348643
0.569937
0.803758
0.931106
1
1
1
1
1
1
1
0.997912
0.979123
0.912317
0.77453
0.636743
0.430063
0.258873
0.185804
0.189979
0.25261
0.329854
0.394572
0.425887
0.40501
0.304802
0.194154
0.189979
0.296451
0.463466
0.697286
0.920668
1
1
1
1
1
1
1
0.997912
0.943633
0.847599
0.680585
0.490605
0.294363
0.181628
0.177453
0.267223
0.375783
0.492693
0.611691
0.653445
0.588727
0.469729
0.304802
0.192067
0.23382
0.36952
0.611691
0.893528
1
1
1
1
1
1
1
0.991649
0.901879
0.743215
0.557411
0.356994
0.204593
0.192067
0.269311
0.392484
0.551148
0.665971
0.776618
0.814196
0.764092
0.588727
0.388309
0.215031
0.19833
0.325678
0.5762
0.851775
0.995825
0.997912
1
1
1
1
1
0.985386
0.822547
0.636743
0.436326
0.23382
0.17119
0.244259
0.386221
0.559499
0.718163
0.858038
0.91858
0.91858
0.835073
0.693111
0.455115
0.246347
0.202505
0.298539
0.538622
0.830898
0.993737
0.997912
1
1
1
0.997912
1
0.962422
0.764092
0.544885
0.325678
0.179541
0.187891
0.327766
0.501044
0.713987
0.847599
0.933194
0.960334
0.956159
0.868476
0.707724
0.501044
0.26096
0.196242
0.31524
0.526096
0.810021
0.995825
0.997912
1
1
1
1
1
0.939457
0.672234
0.427975
0.227557
0.169102
0.248434
0.438413
0.645094
0.82881
0.931106
0.97286
0.983299
0.960334
0.843424
0.691023
0.465553
0.265136
0.223382
0.325678
0.54071
0.814196
0.997912
1
1
1
1
1
0.997912
0.91858
0.60334
0.356994
0.187891
0.183716
0.300626
0.542797
0.757829
0.908142
0.966597
0.995825
0.985386
0.939457
0.803758
0.615866
0.409186
0.250522
0.244259
0.375783
0.580376
0.830898
0.997912
1
1
1
1
1
0.997912
0.88309
0.555324
0.300626
0.154489
0.189979
0.375783
0.634656
0.853862
0.933194
0.983299
0.989562
0.947808
0.866388
0.707724
0.501044
0.34238
0.237996
0.283925
0.436326
0.651357
0.862213
0.997912
1
1
1
1
1
1
0.843424
0.519833
0.269311
0.154489
0.206681
0.407098
0.663883
0.860125
0.929019
0.962422
0.93737
0.878914
0.743215
0.530271
0.377871
0.258873
0.227557
0.354906
0.54071
0.726514
0.899791
1
1
1
1
1
1
0.997912
0.832985
0.519833
0.269311
0.146138
0.194154
0.419624
0.645094
0.799582
0.858038
0.868476
0.818372
0.697286
0.521921
0.36952
0.277662
0.215031
0.302714
0.463466
0.636743
0.816284
0.929019
0.997912
1
1
1
1
1
0.995825
0.845511
0.565762
0.298539
0.152401
0.192067
0.302714
0.473904
0.643006
0.682672
0.668058
0.590814
0.450939
0.340292
0.237996
0.192067
0.258873
0.398747
0.592902
0.751566
0.901879
0.966597
0.997912
1
1
1
1
1
0.995825
0.876827
0.626305
0.388309
0.189979
0.131524
0.17119
0.235908
0.34238
0.36952
0.352818
0.304802
0.240084
0.187891
0.160752
0.223382
0.40501
0.578288
0.705637
0.868476
0.949896
0.989562
0.997912
0.997912
1
1
1
1
0.997912
0.916493
0.734864
0.492693
0.281837
0.146138
0.0960334
0.0939457
0.100209
0.139875
0.162839
0.150313
0.121086
0.135699
0.235908
0.402923
0.56785
0.724426
0.868476
0.93737
0.983299
0.995825
0.997912
0.997912
1
1
1
1
0.997912
0.954071
0.830898
0.659708
0.453027
0.292276
0.167015
0.0981211
0.0772443
0.0793319
0.0960334
0.125261
0.179541
0.325678
0.465553
0.632568
0.768267
0.862213
0.935282
0.981211
0.995825
1
0.997912
0.997912
1
1
1
1
1
0.993737
0.939457
0.851775
0.7119
0.54071
0.388309
0.265136
0.227557
0.229645
0.258873
0.340292
0.465553
0.60334
0.755741
0.851775
0.914405
0.966597
0.985386
0.993737
0.997912
1
1
1
1
1
1
1
1
0.995825
0.995825
0.983299
0.968685
0.931106
0.878914
0.843424
0.807933
0.797495
0.810021
0.82881
0.860125
0.914405
0.947808
0.97286
0.987474
0.995825
0.995825
0.997912
1
1
1
1
1
1
1
1
1
1
1
1
1
1
0.997912
0.995825
0.993737
0.993737
0.993737
0.995825
0.995825
1
1
1
1
1
1
1
1
1
1
1
1
1
1
1
1
1
1
1
1
1
1
1
1
1
1
1
1
1
1
1
1
1
1
1
1
1
1
1
1
1
1
1
1
1
1
1
1
1
1
1
1
1
1
1
1
1
1
1
1
1
1
1
1
1
1
1
1
1
1
1
1
1
1
1
1
1
1
1
1
1
1
1
1
1
1
1
1
1
1
1
1
1
1
1
1
1
1
1
1
1
1
1
1
1
1
1
1
1
1
1
1
1
1
1
1
1
1
1
1
1
1
1
1
1
1
1
1
1
1
1
1
1
1
1
1
1
1
1
1
1
1
1
1
1
1
1
1
1
1
1
1
1
1
1
1
1
1
1
1
1
1
1
0.998224
0.998224
0.987567
0.989343
0.982238
0.989343
0.991119
0.991119
0.994671
0.996448
0.996448
1
1
1
1
1
1
1
1
1
1
0.998224
1
1
0.998224
0.998224
0.996448
0.984014
0.960924
0.91119
0.825933
0.77087
0.751332
0.772647
0.753108
0.751332
0.788632
0.861456
0.936057
0.975133
0.996448
0.998224
1
1
1
1
1
0.998224
0.998224
1
1
0.996448
0.994671
0.994671
0.992895
0.971581
0.930728
0.856128
0.712256
0.616341
0.55595
0.529307
0.53286
0.55595
0.630551
0.783304
0.891652
0.959147
0.991119
0.996448
1
0.998224
1
1
1
1
1
1
1
0.996448
0.994671
0.991119
0.991119
0.964476
0.9254
0.840142
0.687389
0.536412
0.472469
0.426288
0.451155
0.511545
0.614565
0.781528
0.89698
0.968028
0.992895
0.996448
1
1
1
1
1
1
0.998224
0.998224
0.998224
0.994671
0.992895
0.991119
0.989343
0.971581
0.927176
0.827709
0.65897
0.486679
0.376554
0.344583
0.404973
0.506217
0.650089
0.825933
0.934281
0.980462
0.994671
1
1
1
1
1
1
1
0.998224
0.998224
1
0.998224
0.994671
0.991119
0.989343
0.976909
0.9254
0.817052
0.637655
0.422735
0.275311
0.259325
0.408526
0.525755
0.722913
0.89698
0.964476
0.987567
1
1
1
1
1
1
0.998224
1
0.998224
1
1
0.998224
0.996448
0.992895
0.987567
0.978686
0.928952
0.818828
0.596803
0.333925
0.158082
0.234458
0.422735
0.605684
0.793961
0.943162
0.991119
0.998224
1
1
1
1
1
1
0.998224
1
1
1
1
0.998224
0.998224
0.992895
0.98579
0.982238
0.937833
0.811723
0.534636
0.20071
0.0746004
0.222025
0.468917
0.689165
0.886323
0.978686
0.996448
1
1
1
0.998224
1
1
1
1
1
1
1
1
0.998224
0.992895
0.991119
0.989343
0.982238
0.957371
0.79929
0.417407
0.0888099
0.0461812
0.236234
0.534636
0.79929
0.9627
0.996448
0.998224
1
1
1
0.998224
1
1
1
1
1
1
1
1
0.994671
0.994671
0.992895
0.989343
0.987567
0.964476
0.756661
0.26643
0.0195382
0.0337478
0.25222
0.632327
0.900533
0.98579
1
0.998224
1
1
1
1
1
1
1
1
1
1
1
0.998224
0.996448
0.996448
0.994671
0.991119
0.991119
0.952043
0.639432
0.106572
0.00888099
0.0319716
0.312611
0.765542
0.959147
0.998224
1
1
1
1
1
1
1
1
1
1
1
1
1
0.996448
0.998224
1
0.998224
0.994671
0.982238
0.895204
0.483126
0.044405
0.0035524
0.0550622
0.493783
0.888099
0.98579
0.998224
0.998224
0.998224
1
1
1
0.998224
0.998224
1
1
1
1
1
1
1
1
0.996448
0.996448
0.994671
0.971581
0.78508
0.34103
0.0390764
0.0035524
0.106572
0.635879
0.937833
0.989343
0.998224
0.998224
0.998224
1
1
1
1
1
1
1
1
1
1
0.998224
0.998224
0.996448
0.996448
0.996448
0.987567
0.907638
0.64476
0.280639
0.0390764
0.0213144
0.225577
0.746004
0.959147
0.992895
0.992895
1
1
1
1
1
1
1
1
1
1
1
1
0.998224
0.996448
0.996448
0.996448
0.989343
0.950266
0.779751
0.53286
0.253996
0.0479574
0.0941385
0.435169
0.788632
0.9627
0.987567
0.989343
0.998224
1
1
1
1
1
0.998224
1
1
1
1
1
1
1
0.996448
0.992895
0.973357
0.879218
0.680284
0.456483
0.230906
0.0870337
0.20071
0.557726
0.795737
0.944938
0.980462
0.984014
0.991119
0.994671
0.998224
0.998224
0.998224
1
0.998224
0.996448
1
1
1
1
1
0.998224
0.998224
0.984014
0.923623
0.77087
0.596803
0.40675
0.246892
0.168739
0.349911
0.598579
0.795737
0.94849
0.971581
0.982238
0.98579
0.991119
0.996448
0.996448
0.996448
0.998224
1
0.996448
1
1
1
0.998224
0.998224
0.996448
0.984014
0.946714
0.843694
0.685613
0.531083
0.399645
0.284192
0.285968
0.449378
0.628774
0.781528
0.934281
0.969805
0.980462
0.987567
0.987567
0.994671
0.996448
0.994671
0.994671
1
1
1
1
1
0.998224
0.998224
0.996448
0.969805
0.914742
0.779751
0.625222
0.50444
0.401421
0.346359
0.381883
0.525755
0.650089
0.772647
0.909414
0.964476
0.98579
0.987567
0.992895
0.996448
0.998224
0.996448
0.998224
0.998224
1
1
1
1
0.998224
0.998224
0.991119
0.968028
0.877442
0.73357
0.600355
0.500888
0.454707
0.435169
0.474245
0.545293
0.660746
0.78508
0.907638
0.960924
0.98579
0.991119
0.996448
0.998224
0.998224
0.998224
0.998224
1
1
1
1
1
1
0.998224
0.987567
0.968028
0.891652
0.756661
0.625222
0.55595
0.563055
0.561279
0.568384
0.598579
0.712256
0.817052
0.912966
0.968028
0.987567
0.992895
0.998224
1
1
1
1
1
1
1
1
1
1
1
0.996448
0.989343
0.969805
0.928952
0.886323
0.857904
0.85968
0.866785
0.863233
0.868561
0.905861
0.94849
0.973357
0.991119
0.996448
0.998224
1
1
1
1
1
1
1
1
1
1
1
1
1
1
1
0.998224
0.994671
0.994671
0.996448
0.998224
0.994671
0.994671
0.998224
1
1
1
1
1
1
1
1
1
1
1
1
1
1
1
1
1
1
1
1
1
1
1
1
1
1
1
1
1
1
1
1
1
1
1
1
1
1
1
1
1
1
1
1
1
1
1
1
1
1
1
1
1
1
1
1
1
1
1
1
1
1
1
1
1
1
1
1
1
1
1
1
1
1
1
1
1
1
1
1
1
1
1
1
1
1
1
1
1
1
1
1
1
1
1
1
1
1
1
1
1
1
1
1
1
1
1
1
1
1
1
0.995902
0.995902
0.997951
1
1
1
1
1
1
1
1
1
1
1
1
1
1
1
1
1
0.997951
0.997951
0.995902
0.993852
0.991803
0.979508
0.977459
0.977459
0.977459
0.981557
0.979508
0.989754
0.993852
1
1
1
0.997951
0.997951
1
1
1
1
1
1
1
1
0.997951
0.989754
0.977459
0.959016
0.92418
0.891393
0.838115
0.795082
0.760246
0.737705
0.723361
0.77459
0.821721
0.877049
0.922131
0.961066
0.981557
0.993852
0.997951
0.997951
1
1
1
1
1
1
1
1
0.983607
0.961066
0.936475
0.877049
0.784836
0.713115
0.614754
0.518443
0.444672
0.407787
0.409836
0.442623
0.52459
0.651639
0.770492
0.864754
0.915984
0.969262
0.997951
0.997951
0.997951
1
1
1
1
1
1
0.993852
0.965164
0.930328
0.864754
0.764344
0.663934
0.543033
0.430328
0.340164
0.264344
0.235656
0.219262
0.262295
0.321721
0.44877
0.60041
0.727459
0.838115
0.92418
0.981557
0.997951
0.997951
1
1
1
1
1
0.997951
0.989754
0.954918
0.905738
0.819672
0.692623
0.563525
0.44877
0.356557
0.29918
0.264344
0.233607
0.231557
0.227459
0.25
0.338115
0.479508
0.647541
0.760246
0.881148
0.969262
0.997951
1
1
1
1
1
0.997951
0.995902
0.97541
0.934426
0.875
0.793033
0.67418
0.561475
0.456967
0.395492
0.362705
0.370902
0.405738
0.368852
0.336066
0.286885
0.346311
0.444672
0.567623
0.731557
0.846311
0.94877
0.997951
1
1
1
1
1
0.997951
0.995902
0.973361
0.928279
0.891393
0.80123
0.721311
0.629098
0.57377
0.561475
0.565574
0.567623
0.57377
0.536885
0.461066
0.362705
0.35041
0.405738
0.530738
0.692623
0.831967
0.946721
1
1
1
1
1
1
0.997951
0.995902
0.973361
0.932377
0.891393
0.844262
0.805328
0.75
0.704918
0.696721
0.694672
0.717213
0.704918
0.637295
0.514344
0.39959
0.362705
0.407787
0.526639
0.704918
0.82582
0.946721
0.993852
1
1
1
1
1
1
1
0.987705
0.959016
0.92418
0.905738
0.870902
0.840164
0.831967
0.82582
0.840164
0.860656
0.77459
0.678279
0.532787
0.405738
0.372951
0.418033
0.526639
0.717213
0.836066
0.95082
0.993852
0.997951
1
1
1
1
1
1
0.985656
0.969262
0.963115
0.946721
0.936475
0.922131
0.907787
0.903689
0.897541
0.875
0.776639
0.647541
0.5
0.393443
0.352459
0.432377
0.559426
0.731557
0.860656
0.967213
0.987705
0.993852
1
1
1
1
1
0.997951
0.993852
0.985656
0.97541
0.965164
0.95082
0.936475
0.915984
0.915984
0.889344
0.809426
0.70082
0.57377
0.438525
0.352459
0.360656
0.459016
0.610656
0.772541
0.885246
0.967213
0.983607
0.989754
0.997951
1
1
1
1
0.997951
0.995902
0.983607
0.973361
0.95082
0.920082
0.893443
0.866803
0.807377
0.754098
0.672131
0.567623
0.45082
0.346311
0.311475
0.375
0.495902
0.67418
0.813525
0.911885
0.961066
0.979508
0.991803
0.997951
1
1
1
1
0.997951
0.985656
0.967213
0.942623
0.881148
0.795082
0.709016
0.665984
0.586066
0.497951
0.411885
0.364754
0.295082
0.280738
0.307377
0.420082
0.545082
0.727459
0.829918
0.915984
0.944672
0.967213
0.993852
0.997951
1
1
1
1
0.995902
0.979508
0.915984
0.834016
0.711066
0.608607
0.532787
0.452869
0.364754
0.284836
0.219262
0.211066
0.215164
0.262295
0.32582
0.442623
0.577869
0.704918
0.811475
0.872951
0.913934
0.944672
0.981557
0.993852
1
1
1
1
0.983607
0.942623
0.831967
0.702869
0.565574
0.456967
0.372951
0.315574
0.221311
0.165984
0.151639
0.147541
0.192623
0.252049
0.342213
0.446721
0.553279
0.672131
0.745902
0.795082
0.858607
0.903689
0.956967
0.991803
1
1
1
1
0.973361
0.887295
0.731557
0.569672
0.452869
0.377049
0.32377
0.264344
0.231557
0.188525
0.157787
0.178279
0.217213
0.25
0.336066
0.385246
0.497951
0.577869
0.635246
0.706967
0.788934
0.848361
0.932377
0.987705
0.997951
1
1
1
0.952869
0.844262
0.661885
0.497951
0.385246
0.32582
0.282787
0.260246
0.239754
0.186475
0.180328
0.206967
0.231557
0.284836
0.32377
0.389344
0.430328
0.506148
0.590164
0.641393
0.72541
0.827869
0.932377
0.989754
0.997951
1
1
0.997951
0.946721
0.80123
0.631148
0.45082
0.358607
0.303279
0.245902
0.22541
0.172131
0.184426
0.19877
0.213115
0.29918
0.334016
0.381148
0.401639
0.436475
0.491803
0.540984
0.64959
0.75
0.831967
0.944672
0.993852
1
1
1
0.997951
0.942623
0.805328
0.633197
0.471311
0.354508
0.254098
0.213115
0.178279
0.168033
0.196721
0.260246
0.35041
0.415984
0.434426
0.440574
0.459016
0.471311
0.5
0.596311
0.684426
0.772541
0.866803
0.956967
0.995902
1
1
1
0.997951
0.956967
0.844262
0.70082
0.555328
0.42418
0.342213
0.256148
0.245902
0.27459
0.346311
0.42418
0.52459
0.588115
0.606557
0.594262
0.594262
0.577869
0.616803
0.67418
0.77459
0.848361
0.915984
0.973361
0.995902
1
1
1
1
0.983607
0.928279
0.813525
0.706967
0.577869
0.502049
0.442623
0.436475
0.47541
0.555328
0.641393
0.706967
0.741803
0.760246
0.75
0.743852
0.758197
0.77459
0.813525
0.868852
0.92623
0.952869
0.983607
0.995902
1
1
1
1
0.993852
0.973361
0.936475
0.889344
0.844262
0.815574
0.793033
0.788934
0.803279
0.831967
0.870902
0.897541
0.897541
0.895492
0.895492
0.891393
0.911885
0.920082
0.938525
0.956967
0.977459
0.991803
0.995902
0.997951
1
1
1
1
0.997951
0.993852
0.991803
0.979508
0.973361
0.977459
0.979508
0.973361
0.97541
0.97541
0.977459
0.977459
0.977459
0.977459
0.981557
0.983607
0.979508
0.983607
0.987705
0.991803
0.993852
1
1
1
1
1
1
1
1
1
1
1
1
1
1
1
1
1
1
1
1
1
0.997951
0.997951
0.997951
0.997951
1
1
1
1
1
1
1
1
1
1
1
1
1
1
1
1
1
1
1
1
1
1
1
1
1
1
1
1
1
1
1
1
1
1
1
1
1
1
1
1
1
1
1
1
1
1
1
1
1
1
1
1
1
1
1
1
1
1
1
1
1
1
1
1
1
1
1
1
1
1
1
1
1
1
1
1
1
1
1
1
1
1
1
1
1
1
1
1
1
1
1
1
1
1
1
1
1
1
1
1
1
1
1
1
1
1
1
1
1
1
1
1
1
1
1
1
1
1
1
1
1
1
1
1
1
1
1
1
1
1
1
1
1
1
1
1
1
1
1
1
1
1
1
1
1
1
1
1
1
1
1
1
0.997972
0.997972
0.997972
0.995943
0.991886
0.989858
0.979716
0.973631
0.967546
0.967546
0.967546
0.969574
0.973631
0.985801
0.98783
0.995943
0.997972
1
1
1
1
1
1
1
1
1
0.997972
0.995943
0.985801
0.977688
0.945233
0.916836
0.874239
0.789047
0.713996
0.651116
0.608519
0.588235
0.59432
0.640974
0.701826
0.780933
0.84787
0.929006
0.967546
0.991886
0.995943
1
1
1
1
1
1
1
0.991886
0.975659
0.945233
0.912779
0.841785
0.74645
0.624746
0.482759
0.373225
0.296146
0.239351
0.212982
0.223124
0.27789
0.389452
0.507099
0.622718
0.766734
0.880325
0.957404
0.989858
1
1
1
1
1
1
1
0.979716
0.955375
0.914807
0.815416
0.720081
0.592292
0.460446
0.296146
0.21501
0.162272
0.117647
0.0973631
0.0953347
0.107505
0.204868
0.348884
0.478702
0.630832
0.791075
0.894523
0.975659
1
1
1
1
1
0.997972
1
0.977688
0.941176
0.890467
0.795132
0.697769
0.553753
0.440162
0.365112
0.300203
0.283976
0.275862
0.237323
0.194726
0.208925
0.200811
0.26572
0.37931
0.549696
0.74645
0.876268
0.953347
1
1
1
1
1
1
1
0.973631
0.935091
0.900609
0.825558
0.758621
0.663286
0.590264
0.551724
0.559838
0.565923
0.563895
0.527383
0.415822
0.320487
0.279919
0.296146
0.373225
0.541582
0.748479
0.880325
0.955375
1
1
1
1
1
1
0.997972
0.983773
0.963489
0.926978
0.868154
0.837728
0.795132
0.768763
0.754564
0.750507
0.716024
0.677485
0.598377
0.460446
0.320487
0.241379
0.27789
0.415822
0.588235
0.776876
0.906694
0.971602
1
1
1
1
1
1
0.997972
0.993915
0.985801
0.96146
0.935091
0.922921
0.890467
0.858012
0.825558
0.791075
0.716024
0.610548
0.476673
0.324544
0.200811
0.212982
0.31643
0.507099
0.679513
0.84787
0.933063
0.981744
1
1
1
1
1
1
1
0.997972
0.991886
0.983773
0.969574
0.953347
0.916836
0.849899
0.760649
0.638945
0.501014
0.373225
0.235294
0.160243
0.131846
0.229209
0.411765
0.614604
0.772819
0.908722
0.973631
0.991886
1
1
1
1
1
1
1
1
0.995943
0.991886
0.979716
0.955375
0.88641
0.774848
0.624746
0.438134
0.27789
0.190669
0.109533
0.0973631
0.144016
0.279919
0.48073
0.68357
0.8357
0.943205
0.979716
0.993915
1
1
1
1
1
1
1
0.997972
0.995943
0.993915
0.979716
0.924949
0.8357
0.68357
0.48073
0.292089
0.182556
0.111562
0.0993915
0.11359
0.1643
0.235294
0.452333
0.64503
0.823529
0.924949
0.981744
0.995943
1
1
1
1
1
1
1
1
0.993915
0.989858
0.971602
0.926978
0.815416
0.651116
0.496957
0.3286
0.251521
0.210953
0.204868
0.188641
0.200811
0.223124
0.35497
0.555781
0.728195
0.884381
0.94929
0.991886
0.997972
1
1
1
1
1
1
0.997972
0.993915
0.985801
0.969574
0.931034
0.84787
0.732252
0.618661
0.513185
0.464503
0.442191
0.421907
0.387424
0.286004
0.245436
0.27789
0.407708
0.647059
0.809331
0.933063
0.977688
0.997972
1
0.997972
1
1
1
0.993915
0.985801
0.979716
0.955375
0.955375
0.933063
0.89858
0.843813
0.780933
0.768763
0.748479
0.728195
0.679513
0.598377
0.440162
0.288032
0.25355
0.352941
0.56998
0.750507
0.89858
0.971602
0.997972
1
1
1
1
1
0.991886
0.965517
0.926978
0.904665
0.906694
0.906694
0.896552
0.89858
0.914807
0.908722
0.900609
0.88641
0.819473
0.665314
0.509128
0.356998
0.263692
0.324544
0.543611
0.740365
0.866126
0.957404
0.997972
1
1
1
1
1
0.991886
0.947262
0.868154
0.825558
0.789047
0.789047
0.8357
0.892495
0.912779
0.924949
0.933063
0.900609
0.819473
0.669371
0.486815
0.377282
0.296146
0.338742
0.551724
0.728195
0.851927
0.957404
0.997972
1
1
1
1
1
0.985801
0.922921
0.793103
0.718053
0.64503
0.649087
0.716024
0.799189
0.845842
0.876268
0.866126
0.805274
0.701826
0.541582
0.393509
0.308316
0.290061
0.385396
0.56998
0.74645
0.866126
0.963489
0.997972
1
1
1
1
1
0.983773
0.89858
0.770791
0.638945
0.535497
0.496957
0.509128
0.578093
0.624746
0.649087
0.624746
0.537525
0.419878
0.322515
0.245436
0.231237
0.312373
0.482759
0.624746
0.778905
0.892495
0.967546
0.997972
1
1
1
1
1
0.983773
0.918864
0.791075
0.667343
0.484787
0.399594
0.344828
0.338742
0.3286
0.344828
0.320487
0.273834
0.210953
0.162272
0.184584
0.259635
0.427992
0.580122
0.713996
0.837728
0.93712
0.983773
1
1
1
1
1
1
0.98783
0.943205
0.855984
0.730223
0.561866
0.432049
0.312373
0.239351
0.186613
0.148073
0.119675
0.115619
0.119675
0.1643
0.273834
0.421907
0.590264
0.716024
0.839757
0.916836
0.965517
0.993915
1
1
1
1
1
1
0.995943
0.967546
0.908722
0.845842
0.709939
0.576065
0.432049
0.294118
0.229209
0.182556
0.166329
0.178499
0.261663
0.381339
0.501014
0.651116
0.778905
0.858012
0.935091
0.975659
0.993915
0.997972
1
1
1
1
1
1
1
0.98783
0.965517
0.93712
0.894523
0.819473
0.772819
0.724138
0.675456
0.636917
0.62069
0.64503
0.709939
0.758621
0.839757
0.89858
0.94929
0.975659
0.985801
0.991886
0.995943
0.997972
1
1
1
1
1
1
1
0.997972
0.993915
0.993915
0.981744
0.967546
0.959432
0.951318
0.955375
0.945233
0.947262
0.945233
0.96146
0.981744
0.98783
0.991886
0.989858
0.995943
0.995943
0.997972
0.997972
1
1
1
1
1
1
1
1
1
1
1
1
1
1
1
0.997972
0.997972
0.995943
0.995943
0.995943
0.995943
0.997972
0.997972
0.997972
0.997972
0.997972
0.997972
1
1
1
1
1
1
1
1
1
1
1
1
1
1
1
1
1
1
1
1
1
1
1
1
1
1
1
1
1
1
1
1
1
1
1
1
1
1
1
1
1
1
1
1
1
1
1
1
1
1
1
1
1
1
1
1
1
1
1
1
1
1
1
1
1
1
1
1
1
1
1
1
1
1
1
1
1
1
1
1
1
1
1
1
1
1
1
1
1
1
1
1
1
1
1
1
1
1
1
1
1
1
1
1
1
0.998131
0.998131
0.998131
1
1
1
1
1
1
1
1
1
1
1
1
1
1
1
1
1
1
1
1
1
0.998131
0.998131
0.998131
0.998131
0.996262
0.996262
0.996262
0.996262
0.996262
0.990654
0.992523
0.994393
1
1
1
1
1
1
1
1
1
0.996262
0.994393
0.994393
0.986916
0.981308
0.979439
0.97757
0.97757
0.970093
0.973832
0.979439
0.971963
0.964486
0.943925
0.936449
0.923364
0.91215
0.943925
0.953271
0.979439
0.988785
1
1
1
1
1
1
1
0.994393
0.986916
0.966355
0.945794
0.928972
0.899065
0.874766
0.871028
0.865421
0.882243
0.91215
0.917757
0.865421
0.831776
0.779439
0.757009
0.751402
0.805607
0.828037
0.884112
0.928972
0.992523
1
1
1
1
1
0.996262
0.986916
0.966355
0.942056
0.908411
0.852336
0.796262
0.758879
0.73271
0.727103
0.783178
0.846729
0.856075
0.805607
0.728972
0.646729
0.6
0.611215
0.680374
0.747664
0.837383
0.908411
0.97757
0.998131
1
1
1
1
0.994393
0.975701
0.957009
0.91215
0.861682
0.775701
0.678505
0.616822
0.601869
0.618692
0.700935
0.788785
0.811215
0.745794
0.646729
0.545794
0.491589
0.551402
0.620561
0.730841
0.854206
0.919626
0.975701
0.994393
1
1
1
1
0.992523
0.973832
0.942056
0.895327
0.811215
0.717757
0.598131
0.51215
0.504673
0.540187
0.665421
0.779439
0.796262
0.714019
0.581308
0.452336
0.426168
0.493458
0.605607
0.764486
0.856075
0.943925
0.986916
0.996262
1
1
1
1
0.990654
0.968224
0.93271
0.874766
0.770093
0.64486
0.504673
0.437383
0.441121
0.515888
0.680374
0.794393
0.801869
0.682243
0.48785
0.37757
0.357009
0.471028
0.652336
0.794393
0.895327
0.973832
0.986916
0.998131
1
1
1
1
0.990654
0.970093
0.923364
0.841121
0.721495
0.547664
0.405607
0.334579
0.405607
0.562617
0.743925
0.869159
0.807477
0.624299
0.405607
0.293458
0.319626
0.493458
0.704673
0.842991
0.940187
0.986916
0.996262
1
1
1
1
0.998131
0.986916
0.958879
0.91215
0.811215
0.605607
0.437383
0.282243
0.28972
0.456075
0.62243
0.820561
0.885981
0.77757
0.523364
0.306542
0.216822
0.327103
0.530841
0.760748
0.884112
0.960748
0.988785
1
1
1
1
0.998131
0.998131
0.988785
0.95514
0.882243
0.745794
0.515888
0.338318
0.211215
0.297196
0.499065
0.699065
0.835514
0.826168
0.700935
0.396262
0.213084
0.175701
0.340187
0.571963
0.798131
0.904673
0.962617
0.985047
0.998131
1
1
1
0.998131
0.998131
0.990654
0.953271
0.857944
0.650467
0.42243
0.235514
0.147664
0.278505
0.461682
0.659813
0.693458
0.66729
0.499065
0.241121
0.125234
0.149533
0.338318
0.566355
0.770093
0.878505
0.940187
0.975701
0.998131
1
1
1
0.998131
0.998131
0.985047
0.943925
0.798131
0.564486
0.35514
0.194393
0.128972
0.171963
0.295327
0.403738
0.433645
0.428037
0.274766
0.104673
0.071028
0.149533
0.343925
0.551402
0.740187
0.833645
0.927103
0.968224
0.998131
1
1
1
1
0.998131
0.985047
0.945794
0.779439
0.540187
0.328972
0.207477
0.147664
0.130841
0.147664
0.179439
0.196262
0.170093
0.125234
0.0579439
0.0598131
0.179439
0.364486
0.6
0.751402
0.850467
0.936449
0.97757
0.998131
0.998131
1
1
1
1
0.988785
0.945794
0.790654
0.579439
0.414953
0.291589
0.224299
0.190654
0.179439
0.2
0.185047
0.15514
0.104673
0.0523364
0.0953271
0.241121
0.457944
0.674766
0.801869
0.899065
0.951402
0.979439
0.998131
0.998131
1
1
1
1
0.998131
0.975701
0.852336
0.723364
0.596262
0.506542
0.459813
0.446729
0.418692
0.420561
0.35514
0.274766
0.185047
0.134579
0.214953
0.401869
0.613084
0.762617
0.863551
0.942056
0.975701
0.985047
0.996262
0.998131
1
1
1
1
1
0.988785
0.928972
0.865421
0.794393
0.758879
0.734579
0.717757
0.695327
0.626168
0.508411
0.385047
0.26729
0.274766
0.370093
0.601869
0.730841
0.846729
0.914019
0.962617
0.988785
0.998131
1
0.998131
1
1
1
1
1
0.998131
0.973832
0.938318
0.930841
0.925234
0.91215
0.895327
0.842991
0.706542
0.579439
0.446729
0.371963
0.379439
0.48972
0.665421
0.775701
0.876636
0.930841
0.970093
0.992523
0.998131
1
1
1
1
1
1
1
0.998131
0.990654
0.979439
0.973832
0.962617
0.951402
0.917757
0.818692
0.71215
0.571963
0.480374
0.459813
0.459813
0.571963
0.700935
0.790654
0.878505
0.930841
0.966355
0.990654
0.998131
1
1
1
1
1
1
1
1
1
0.996262
0.990654
0.97757
0.958879
0.893458
0.796262
0.682243
0.583178
0.540187
0.536449
0.527103
0.635514
0.728972
0.785047
0.872897
0.925234
0.962617
0.985047
0.996262
0.998131
1
1
1
1
1
1
1
0.998131
0.998131
0.985047
0.975701
0.934579
0.852336
0.768224
0.665421
0.603738
0.586916
0.586916
0.596262
0.648598
0.734579
0.785047
0.876636
0.927103
0.960748
0.983178
0.994393
0.998131
1
1
1
1
1
1
1
0.998131
0.992523
0.986916
0.962617
0.906542
0.842991
0.762617
0.68972
0.633645
0.642991
0.631776
0.656075
0.676636
0.747664
0.814953
0.876636
0.930841
0.968224
0.985047
0.994393
1
1
1
1
1
1
1
1
1
0.994393
0.990654
0.970093
0.917757
0.872897
0.82243
0.786916
0.770093
0.749533
0.760748
0.771963
0.788785
0.835514
0.884112
0.928972
0.966355
0.981308
0.988785
0.996262
1
1
1
1
1
1
1
1
1
1
0.996262
0.990654
0.970093
0.966355
0.968224
0.962617
0.942056
0.917757
0.915888
0.930841
0.95514
0.973832
0.979439
0.983178
0.992523
0.996262
0.996262
0.998131
1
1
1
1
1
1
1
1
1
1
1
0.998131
0.998131
1
1
1
0.998131
1
0.998131
0.996262
0.996262
0.996262
0.998131
1
1
1
1
1
1
1
1
1
1
1
1
1
1
1
1
1
1
1
1
1
1
1
1
1
1
1
1
1
1
1
1
1
1
1
1
1
1
1
1
1
1
1
1
1
1
1
1
1
1
1
1
1
1
1
1
1
1
1
1
1
1
1
1
1
1
1
1
1
1
1
1
1
1
1
1
1
1
1
1
1
1
1
1
1
1
1
1
1
1
1
1
1
1
1
1
1
1
1
1
1
1
1
1
1
1
1
1
1
1
1
1
1
1
1
1
1
1
1
1
1
1
1
1
1
1
1
1
1
1
1
0.995392
0.990783
0.986175
0.981567
0.976959
0.979263
0.986175
0.990783
0.986175
0.986175
0.983871
0.983871
0.988479
0.993088
1
1
1
1
1
1
1
1
1
1
0.997696
0.986175
0.97235
0.956221
0.926267
0.912442
0.875576
0.859447
0.829493
0.817972
0.806452
0.808756
0.820276
0.829493
0.843318
0.875576
0.896313
0.947005
0.990783
1
1
1
1
1
1
1
1
0.990783
0.963134
0.935484
0.900922
0.852535
0.781106
0.714286
0.656682
0.605991
0.571429
0.550691
0.541475
0.5553
0.559908
0.603687
0.66129
0.723502
0.788018
0.857143
0.953917
0.993088
1
1
1
1
1
1
0.995392
0.97235
0.942396
0.882488
0.820276
0.728111
0.626728
0.573733
0.483871
0.430876
0.400922
0.389401
0.40553
0.407834
0.421659
0.453917
0.525346
0.619816
0.663594
0.741935
0.870968
0.979263
0.997696
1
1
1
1
1
0.986175
0.963134
0.917051
0.83871
0.74424
0.635945
0.52765
0.417051
0.347926
0.327189
0.301843
0.313364
0.336406
0.382488
0.398618
0.426267
0.479263
0.557604
0.592166
0.677419
0.804147
0.958525
0.997696
1
1
1
1
0.997696
0.981567
0.958525
0.887097
0.781106
0.682028
0.569124
0.40553
0.336406
0.294931
0.299539
0.313364
0.364055
0.396313
0.421659
0.467742
0.5
0.546083
0.592166
0.656682
0.721198
0.824885
0.956221
0.995392
1
1
1
1
0.993088
0.981567
0.949309
0.857143
0.741935
0.603687
0.463134
0.35023
0.315668
0.313364
0.387097
0.483871
0.541475
0.564516
0.59447
0.626728
0.686636
0.735023
0.764977
0.785714
0.827189
0.896313
0.979263
0.997696
1
1
1
1
0.993088
0.983871
0.937788
0.831797
0.675115
0.509217
0.331797
0.274194
0.253456
0.320276
0.442396
0.548387
0.64977
0.700461
0.741935
0.806452
0.834101
0.87788
0.914747
0.93318
0.937788
0.965438
0.995392
1
1
1
1
1
0.988479
0.981567
0.910138
0.790323
0.605991
0.412442
0.258065
0.198157
0.248848
0.364055
0.470046
0.580645
0.652074
0.746544
0.822581
0.884793
0.93318
0.963134
0.979263
0.983871
0.983871
0.990783
0.997696
1
1
1
1
1
0.990783
0.976959
0.884793
0.748848
0.536866
0.324885
0.21659
0.182028
0.237327
0.354839
0.458525
0.546083
0.615207
0.691244
0.760369
0.85023
0.907834
0.951613
0.983871
0.983871
0.997696
0.997696
1
1
1
1
1
1
0.990783
0.967742
0.887097
0.735023
0.516129
0.306452
0.207373
0.158986
0.237327
0.292627
0.384793
0.437788
0.511521
0.56682
0.658986
0.758065
0.841014
0.923963
0.970046
0.993088
0.995392
1
1
1
1
1
1
1
0.993088
0.967742
0.889401
0.739631
0.559908
0.375576
0.290323
0.258065
0.281106
0.324885
0.364055
0.412442
0.428571
0.483871
0.552995
0.668203
0.771889
0.870968
0.953917
0.981567
0.993088
1
1
1
1
1
1
0.995392
0.988479
0.960829
0.90553
0.831797
0.682028
0.56682
0.486175
0.463134
0.458525
0.479263
0.479263
0.474654
0.467742
0.458525
0.520737
0.580645
0.714286
0.83871
0.923963
0.97235
0.993088
0.997696
1
1
1
1
1
0.995392
0.97235
0.949309
0.912442
0.866359
0.813364
0.737327
0.691244
0.672811
0.672811
0.638249
0.599078
0.550691
0.5
0.447005
0.479263
0.559908
0.677419
0.794931
0.90553
0.960829
0.990783
0.997696
1
1
1
1
1
0.995392
0.970046
0.910138
0.831797
0.829493
0.841014
0.857143
0.836406
0.836406
0.81106
0.748848
0.677419
0.576037
0.495392
0.458525
0.458525
0.541475
0.647465
0.776498
0.880184
0.9447
0.993088
0.997696
1
1
1
1
0.997696
0.997696
0.958525
0.843318
0.718894
0.693548
0.774194
0.827189
0.866359
0.873272
0.847926
0.758065
0.658986
0.564516
0.453917
0.43318
0.43318
0.546083
0.654378
0.778802
0.87788
0.940092
0.993088
0.997696
1
1
1
1
0.995392
0.993088
0.951613
0.806452
0.610599
0.532258
0.582949
0.647465
0.711982
0.728111
0.698157
0.631336
0.546083
0.476959
0.423963
0.398618
0.421659
0.548387
0.68894
0.792627
0.889401
0.949309
0.990783
0.997696
1
1
1
1
0.995392
0.993088
0.960829
0.804147
0.562212
0.442396
0.419355
0.456221
0.479263
0.513825
0.495392
0.447005
0.423963
0.375576
0.375576
0.394009
0.463134
0.601382
0.725806
0.834101
0.93318
0.956221
0.986175
1
1
1
1
1
1
0.997696
0.967742
0.836406
0.626728
0.440092
0.364055
0.304147
0.297235
0.297235
0.306452
0.308756
0.315668
0.315668
0.352535
0.403226
0.548387
0.670507
0.778802
0.884793
0.947005
0.970046
0.990783
1
1
1
1
1
1
1
0.986175
0.917051
0.74424
0.589862
0.453917
0.327189
0.253456
0.251152
0.264977
0.264977
0.285714
0.345622
0.40553
0.532258
0.642857
0.78341
0.875576
0.935484
0.965438
0.981567
0.995392
1
1
1
1
1
1
1
0.993088
0.974654
0.868664
0.762673
0.64977
0.513825
0.419355
0.368664
0.361751
0.384793
0.414747
0.479263
0.59447
0.693548
0.813364
0.882488
0.940092
0.965438
0.981567
0.993088
0.997696
1
1
1
1
1
1
1
0.995392
0.993088
0.963134
0.926267
0.866359
0.801843
0.746544
0.705069
0.682028
0.686636
0.711982
0.774194
0.83871
0.884793
0.93318
0.965438
0.970046
0.983871
0.990783
0.997696
1
1
1
1
1
1
1
1
1
0.997696
0.993088
0.979263
0.970046
0.947005
0.940092
0.937788
0.940092
0.947005
0.951613
0.97235
0.976959
0.983871
0.990783
0.997696
1
1
1
1
1
1
1
1
1
1
1
1
1
1
0.997696
0.997696
0.995392
0.995392
0.993088
0.993088
0.990783
0.993088
0.997696
0.997696
0.997696
0.997696
0.997696
1
1
1
1
1
1
1
1
1
1
1
1
1
1
1
1
1
1
1
1
1
1
1
1
1
1
1
1
1
1
1
1
1
1
1
1
1
1
1
1
1
1
1
1
1
1
1
1
1
1
1
1
1
1
1
1
1
1
1
1
1
1
1
1
1
1
1
1
1
1
1
1
0.998004
0.996008
0.996008
0.992016
0.994012
0.992016
0.992016
0.99002
0.986028
0.99002
0.992016
0.994012
0.994012
0.994012
0.996008
0.998004
1
1
1
1
1
1
1
1
1
0.998004
1
0.998004
0.994012
0.992016
0.986028
0.968064
0.958084
0.944112
0.896208
0.850299
0.792415
0.732535
0.730539
0.780439
0.850299
0.916168
0.962076
0.986028
0.998004
1
1
1
1
1
1
1
1
1
0.998004
0.994012
0.994012
0.988024
0.968064
0.946108
0.91018
0.864271
0.780439
0.648703
0.522954
0.449102
0.439122
0.54491
0.674651
0.820359
0.926148
0.968064
0.99002
0.998004
1
1
1
1
1
1
1
1
0.994012
0.994012
0.99002
0.978044
0.948104
0.904192
0.846307
0.784431
0.654691
0.493014
0.393214
0.325349
0.365269
0.512974
0.680639
0.814371
0.916168
0.97006
0.982036
0.996008
1
1
1
1
1
1
1
1
0.994012
0.992016
0.986028
0.97006
0.914172
0.870259
0.784431
0.660679
0.518962
0.387226
0.311377
0.331337
0.449102
0.612774
0.748503
0.862275
0.952096
0.974052
0.984032
0.996008
0.998004
0.998004
1
1
1
0.998004
1
1
0.998004
0.988024
0.976048
0.942116
0.892216
0.812375
0.692615
0.54491
0.39521
0.297405
0.313373
0.421158
0.60479
0.742515
0.864271
0.944112
0.97006
0.986028
0.992016
0.996008
0.998004
0.998004
0.998004
1
1
1
1
1
0.996008
0.988024
0.968064
0.926148
0.838323
0.738523
0.596806
0.431138
0.311377
0.297405
0.411178
0.570858
0.734531
0.860279
0.938124
0.974052
0.986028
0.988024
0.994012
0.996008
0.998004
0.998004
0.998004
1
1
1
1
1
0.992016
0.984032
0.954092
0.886228
0.776447
0.650699
0.46507
0.337325
0.281437
0.361277
0.526946
0.706587
0.838323
0.942116
0.966068
0.982036
0.986028
0.986028
0.99002
0.998004
1
0.998004
1
1
1
1
1
1
0.99002
0.968064
0.924152
0.832335
0.708583
0.54491
0.355289
0.293413
0.305389
0.479042
0.654691
0.818363
0.936128
0.964072
0.97006
0.966068
0.972056
0.982036
0.988024
0.998004
1
1
1
1
1
1
1
1
0.992016
0.946108
0.9002
0.776447
0.608782
0.42515
0.279441
0.277445
0.38523
0.582834
0.774451
0.886228
0.928144
0.918164
0.9002
0.902196
0.93014
0.9501
0.972056
0.99002
0.998004
1
1
1
1
1
1
1
0.978044
0.94012
0.866267
0.724551
0.532934
0.329341
0.259481
0.311377
0.469062
0.682635
0.818363
0.836327
0.770459
0.730539
0.726547
0.768463
0.824351
0.902196
0.936128
0.962076
0.996008
1
1
1
1
1
1
0.998004
0.974052
0.916168
0.822355
0.650699
0.421158
0.257485
0.237525
0.361277
0.548902
0.670659
0.678643
0.582834
0.520958
0.502994
0.528942
0.596806
0.704591
0.808383
0.896208
0.942116
0.982036
1
1
1
1
1
1
0.996008
0.97006
0.89022
0.786427
0.54491
0.341317
0.227545
0.245509
0.409182
0.53493
0.54491
0.443114
0.347305
0.319361
0.345309
0.397206
0.461078
0.572854
0.748503
0.846307
0.918164
0.972056
1
1
1
1
1
1
0.996008
0.96008
0.864271
0.716567
0.471058
0.273453
0.207585
0.283433
0.433134
0.443114
0.339321
0.223553
0.177645
0.223553
0.299401
0.359281
0.407186
0.512974
0.686627
0.828343
0.922156
0.974052
1
1
1
1
1
1
0.998004
0.962076
0.844311
0.662675
0.40519
0.237525
0.207585
0.305389
0.391218
0.343313
0.265469
0.203593
0.243513
0.291417
0.323353
0.345309
0.381238
0.467066
0.666667
0.804391
0.916168
0.978044
1
1
1
1
1
1
0.998004
0.952096
0.842315
0.650699
0.367265
0.205589
0.177645
0.277445
0.343313
0.283433
0.251497
0.289421
0.365269
0.391218
0.365269
0.301397
0.333333
0.481038
0.676647
0.832335
0.92016
0.976048
1
1
1
1
1
1
0.998004
0.96008
0.844311
0.630739
0.367265
0.195609
0.145709
0.231537
0.273453
0.285429
0.327345
0.42515
0.433134
0.397206
0.289421
0.239521
0.335329
0.49501
0.724551
0.874251
0.934132
0.982036
0.998004
1
1
1
1
1
0.998004
0.978044
0.876248
0.660679
0.411178
0.187625
0.113772
0.143713
0.173653
0.265469
0.337325
0.359281
0.313373
0.235529
0.197605
0.241517
0.387226
0.632735
0.794411
0.904192
0.952096
0.99002
0.998004
1
1
1
1
1
0.998004
0.988024
0.916168
0.740519
0.500998
0.265469
0.117764
0.0718563
0.115768
0.165669
0.175649
0.195609
0.145709
0.137725
0.183633
0.329341
0.56487
0.732535
0.892216
0.938124
0.98004
0.998004
1
1
1
1
1
1
0.998004
0.99002
0.9501
0.836327
0.652695
0.421158
0.207585
0.0918164
0.0558882
0.0598802
0.0678643
0.0898204
0.123752
0.189621
0.347305
0.552894
0.730539
0.876248
0.942116
0.976048
0.994012
0.998004
1
1
1
1
1
1
1
0.996008
0.982036
0.922156
0.828343
0.652695
0.437126
0.251497
0.141717
0.125749
0.129741
0.193613
0.279441
0.447106
0.626747
0.788423
0.886228
0.956088
0.98004
0.996008
1
1
1
1
1
1
1
1
1
1
0.996008
0.972056
0.956088
0.9002
0.806387
0.720559
0.648703
0.610778
0.626747
0.666667
0.730539
0.816367
0.888224
0.94012
0.98004
0.992016
0.998004
1
1
1
1
1
1
1
1
1
1
1
1
0.996008
0.992016
0.99002
0.984032
0.978044
0.966068
0.96008
0.96008
0.964072
0.972056
0.984032
0.99002
0.992016
0.996008
1
1
1
1
1
1
1
1
1
1
1
1
1
1
1
1
1
1
1
1
1
1
1
1
1
1
1
1
1
1
1
1
1
1
1
1
1
1
1
1
1
1
1
1
1
1
1
1
1
1
1
1
1
1
1
1
1
1
1
1
1
1
1
1
1
1
1
1
1
1
1
1
1
1
1
1
1
1
1
1
1
1
1
1
1
1
1
1
1
1
1
1
1
1
1
1
1
1
1
1
1
1
1
1
1
1
1
1
1
1
1
1
1
1
1
1
1
1
1
1
1
1
1
1
1
1
1
1
1
1
1
1
1
1
1
1
1
1
1
1
1
1
1
1
1
1
1
1
1
1
1
1
1
1
1
1
1
1
1
1
1
1
1
1
1
1
1
1
1
1
1
1
1
1
1
1
1
1
1
1
1
1
1
1
1
1
1
1
1
1
1
1
1
1
1
1
1
1
1
1
1
1
1
1
1
1
1
1
1
1
1
1
1
1
1
1
1
1
1
1
1
1
1
1
1
1
1
1
1
1
1
1
1
1
1
1
1
1
1
1
1
1
0.998182
0.998182
0.998182
0.998182
0.998182
1
1
1
1
1
1
1
1
1
1
1
1
1
1
1
1
1
0.998182
0.998182
0.992727
0.990909
0.989091
0.985455
0.985455
0.983636
0.985455
0.983636
0.985455
0.987273
0.994545
0.998182
1
1
0.998182
0.998182
1
1
1
1
1
1
1
1
1
0.992727
0.98
0.961818
0.941818
0.927273
0.914545
0.88
0.876364
0.854545
0.836364
0.830909
0.834545
0.841818
0.863636
0.883636
0.927273
0.956364
0.972727
0.978182
0.990909
1
1
1
1
0.998182
0.998182
0.996364
0.983636
0.950909
0.910909
0.832727
0.778182
0.696364
0.590909
0.54
0.478182
0.436364
0.405455
0.383636
0.385455
0.372727
0.4
0.449091
0.545455
0.687273
0.809091
0.910909
0.970909
0.994545
1
1
1
0.998182
0.996364
0.983636
0.950909
0.883636
0.792727
0.681818
0.549091
0.425455
0.338182
0.249091
0.201818
0.169091
0.161818
0.150909
0.130909
0.143636
0.169091
0.194545
0.309091
0.496364
0.649091
0.832727
0.936364
0.990909
1
1
1
0.998182
0.990909
0.972727
0.932727
0.845455
0.72
0.607273
0.441818
0.310909
0.212727
0.158182
0.132727
0.129091
0.132727
0.143636
0.121818
0.0836364
0.0854545
0.125455
0.232727
0.396364
0.596364
0.8
0.923636
0.989091
1
1
1
1
0.992727
0.972727
0.925455
0.827273
0.721818
0.607273
0.46
0.349091
0.283636
0.254545
0.287273
0.341818
0.374545
0.398182
0.354545
0.26
0.147273
0.129091
0.221818
0.396364
0.610909
0.825455
0.94
0.989091
1
1
1
1
0.994545
0.98
0.932727
0.86
0.803636
0.694545
0.561818
0.487273
0.458182
0.507273
0.572727
0.634545
0.676364
0.701818
0.58
0.381818
0.221818
0.147273
0.243636
0.429091
0.661818
0.850909
0.949091
0.992727
1
1
1
1
0.998182
0.983636
0.949091
0.9
0.852727
0.756364
0.687273
0.636364
0.634545
0.68
0.76
0.823636
0.847273
0.814545
0.665455
0.42
0.207273
0.163636
0.312727
0.494545
0.727273
0.889091
0.963636
0.996364
1
1
1
1
0.998182
0.994545
0.969091
0.936364
0.905455
0.843636
0.787273
0.765455
0.76
0.809091
0.869091
0.907273
0.916364
0.834545
0.610909
0.336364
0.178182
0.187273
0.352727
0.601818
0.794545
0.918182
0.98
0.996364
0.998182
1
1
1
1
0.998182
0.987273
0.954545
0.929091
0.887273
0.845455
0.830909
0.856364
0.894545
0.918182
0.923636
0.9
0.772727
0.481818
0.24
0.170909
0.210909
0.449091
0.696364
0.841818
0.929091
0.970909
0.990909
0.994545
1
1
1
1
1
0.994545
0.965455
0.943636
0.923636
0.885455
0.890909
0.896364
0.901818
0.905455
0.892727
0.829091
0.594545
0.338182
0.167273
0.141818
0.285455
0.556364
0.730909
0.872727
0.929091
0.967273
0.989091
0.994545
1
1
1
1
1
0.996364
0.978182
0.954545
0.936364
0.92
0.901818
0.901818
0.9
0.881818
0.854545
0.710909
0.430909
0.243636
0.143636
0.187273
0.409091
0.629091
0.798182
0.901818
0.952727
0.974545
0.992727
0.998182
1
1
1
1
1
0.996364
0.983636
0.970909
0.963636
0.94
0.927273
0.925455
0.907273
0.863636
0.78
0.550909
0.323636
0.167273
0.156364
0.330909
0.565455
0.741818
0.872727
0.945455
0.967273
0.983636
0.990909
0.996364
1
1
1
1
0.996364
0.996364
0.992727
0.992727
0.983636
0.972727
0.954545
0.949091
0.918182
0.849091
0.678182
0.456364
0.256364
0.181818
0.26
0.494545
0.672727
0.838182
0.92
0.965455
0.985455
0.992727
0.996364
1
1
1
1
1
0.996364
0.998182
0.998182
0.998182
0.996364
0.989091
0.983636
0.965455
0.907273
0.781818
0.563636
0.376364
0.236364
0.227273
0.396364
0.623636
0.767273
0.912727
0.947273
0.976364
0.992727
0.998182
0.998182
1
1
1
1
1
1
1
1
1
0.996364
0.989091
0.981818
0.932727
0.834545
0.650909
0.476364
0.32
0.26
0.352727
0.516364
0.701818
0.841818
0.936364
0.961818
0.983636
0.994545
1
1
1
1
1
1
1
1
1
1
0.996364
0.992727
0.981818
0.945455
0.861818
0.74
0.556364
0.432727
0.321818
0.36
0.472727
0.6
0.756364
0.885455
0.952727
0.969091
0.987273
0.998182
1
1
1
1
1
1
1
1
1
0.998182
0.994545
0.987273
0.961818
0.894545
0.789091
0.625455
0.525455
0.42
0.385455
0.443636
0.54
0.669091
0.803636
0.905455
0.96
0.970909
0.985455
0.994545
1
1
1
1
1
1
1
1
1
0.996364
0.985455
0.972727
0.910909
0.830909
0.710909
0.596364
0.505455
0.449091
0.481818
0.529091
0.6
0.705455
0.841818
0.918182
0.963636
0.972727
0.989091
0.996364
1
1
1
1
1
1
1
1
1
0.994545
0.98
0.949091
0.874545
0.772727
0.658182
0.578182
0.543636
0.509091
0.565455
0.587273
0.661818
0.736364
0.841818
0.918182
0.965455
0.974545
0.987273
0.994545
1
1
1
1
1
1
1
1
1
0.998182
0.976364
0.930909
0.850909
0.761818
0.674545
0.627273
0.596364
0.614545
0.64
0.643636
0.716364
0.774545
0.852727
0.925455
0.967273
0.978182
0.987273
0.992727
0.998182
1
1
1
1
1
1
1
1
0.998182
0.989091
0.950909
0.9
0.84
0.803636
0.765455
0.743636
0.769091
0.789091
0.794545
0.807273
0.869091
0.903636
0.945455
0.970909
0.981818
0.989091
0.994545
0.998182
1
1
1
1
1
1
1
1
1
0.998182
0.994545
0.990909
0.987273
0.985455
0.976364
0.965455
0.954545
0.952727
0.956364
0.965455
0.972727
0.976364
0.987273
0.994545
0.998182
0.996364
0.996364
1
1
1
1
1
1
1
1
1
1
1
1
1
1
1
1
1
1
1
1
1
1
1
1
1
1
1
1
1
1
1
1
1
1
1
1
1
1
1
1
1
1
1
1
1
1
1
1
1
1
1
1
1
1
1
1
1
1
1
1
1
1
1
1
1
1
1
1
1
1
1
1
1
1
1
1
1
1
1
1
1
1
1
1
1
1
1
1
1
1
1
1
1
1
1
1
1
1
1
0.997835
0.997835
0.995671
0.993506
0.993506
0.991342
0.989177
0.991342
0.991342
0.995671
0.997835
1
1
1
1
1
1
1
1
1
1
1
1
0.997835
1
0.997835
0.995671
0.991342
0.982684
0.95671
0.917749
0.878788
0.829004
0.785714
0.770563
0.774892
0.811688
0.863636
0.909091
0.95671
0.982684
0.991342
0.997835
1
1
1
1
1
1
1
1
1
0.997835
0.993506
0.980519
0.924242
0.841991
0.701299
0.588745
0.445887
0.320346
0.231602
0.201299
0.257576
0.359307
0.504329
0.65368
0.772727
0.880952
0.943723
0.974026
0.993506
0.995671
1
1
1
1
1
0.997835
1
0.989177
0.965368
0.891775
0.770563
0.625541
0.458874
0.318182
0.179654
0.114719
0.11039
0.11039
0.149351
0.214286
0.339827
0.482684
0.627706
0.770563
0.878788
0.941558
0.984848
0.991342
0.995671
1
1
1
1
0.997835
0.991342
0.971861
0.896104
0.78355
0.619048
0.469697
0.320346
0.242424
0.17316
0.17316
0.192641
0.225108
0.235931
0.253247
0.320346
0.426407
0.551948
0.686147
0.816017
0.91342
0.97619
0.989177
0.995671
1
1
1
1
0.995671
0.97619
0.930736
0.848485
0.707792
0.519481
0.363636
0.281385
0.251082
0.309524
0.38961
0.45671
0.467532
0.4329
0.365801
0.365801
0.41342
0.497835
0.603896
0.774892
0.887446
0.967532
0.989177
0.997835
1
1
1
1
0.987013
0.963203
0.902597
0.82684
0.675325
0.493506
0.34632
0.316017
0.354978
0.469697
0.577922
0.666667
0.606061
0.493506
0.372294
0.329004
0.354978
0.474026
0.616883
0.75974
0.883117
0.965368
0.997835
1
1
1
1
1
0.987013
0.952381
0.909091
0.800866
0.701299
0.506494
0.363636
0.322511
0.376623
0.525974
0.632035
0.666667
0.558442
0.430736
0.296537
0.287879
0.335498
0.510823
0.69697
0.818182
0.922078
0.987013
0.997835
1
1
1
1
1
0.987013
0.952381
0.906926
0.811688
0.712121
0.5671
0.398268
0.320346
0.333333
0.426407
0.5671
0.530303
0.400433
0.25974
0.235931
0.305195
0.452381
0.636364
0.798701
0.906926
0.969697
0.989177
0.997835
0.997835
1
1
1
1
0.989177
0.963203
0.915584
0.854978
0.753247
0.603896
0.458874
0.309524
0.261905
0.313853
0.376623
0.294372
0.203463
0.177489
0.296537
0.448052
0.621212
0.794372
0.898268
0.963203
0.97619
0.993506
0.997835
0.997835
1
1
1
1
0.991342
0.974026
0.941558
0.880952
0.798701
0.679654
0.534632
0.311688
0.164502
0.145022
0.162338
0.134199
0.0974026
0.207792
0.441558
0.645022
0.80303
0.896104
0.941558
0.971861
0.984848
0.993506
1
1
1
1
1
1
1
0.982684
0.961039
0.915584
0.844156
0.746753
0.5671
0.316017
0.116883
0.0757576
0.0606061
0.0497835
0.106061
0.322511
0.577922
0.785714
0.887446
0.939394
0.967532
0.980519
0.989177
0.997835
1
1
1
1
1
1
1
0.991342
0.971861
0.943723
0.885281
0.746753
0.528139
0.255411
0.101732
0.0497835
0.0649351
0.0822511
0.214286
0.448052
0.655844
0.824675
0.893939
0.948052
0.97619
0.978355
0.989177
1
1
1
1
1
1
1
0.997835
0.987013
0.969697
0.935065
0.848485
0.636364
0.396104
0.188312
0.119048
0.11039
0.162338
0.194805
0.287879
0.471861
0.642857
0.792208
0.883117
0.928571
0.969697
0.980519
0.989177
1
1
1
1
1
1
1
0.995671
0.984848
0.954545
0.859307
0.720779
0.484848
0.253247
0.168831
0.21645
0.290043
0.313853
0.337662
0.359307
0.467532
0.627706
0.753247
0.859307
0.91342
0.945887
0.971861
0.989177
1
1
1
1
1
1
1
0.995671
0.969697
0.906926
0.761905
0.584416
0.352814
0.242424
0.24026
0.348485
0.448052
0.47619
0.409091
0.415584
0.474026
0.606061
0.735931
0.813853
0.891775
0.935065
0.967532
0.989177
1
1
1
1
1
1
1
0.995671
0.943723
0.859307
0.679654
0.502165
0.318182
0.25974
0.37013
0.508658
0.545455
0.528139
0.461039
0.441558
0.487013
0.5671
0.694805
0.811688
0.883117
0.939394
0.969697
0.991342
1
1
1
1
1
1
1
0.993506
0.928571
0.794372
0.627706
0.441558
0.279221
0.333333
0.415584
0.515152
0.515152
0.465368
0.454545
0.428571
0.445887
0.54329
0.677489
0.807359
0.883117
0.948052
0.974026
0.993506
1
1
1
1
1
1
1
0.991342
0.915584
0.794372
0.619048
0.4329
0.322511
0.290043
0.309524
0.333333
0.322511
0.316017
0.354978
0.387446
0.458874
0.580087
0.69697
0.82684
0.906926
0.952381
0.978355
0.995671
1
1
1
1
1
1
1
0.995671
0.926407
0.818182
0.651515
0.487013
0.337662
0.19697
0.149351
0.121212
0.145022
0.205628
0.294372
0.409091
0.504329
0.619048
0.755411
0.867965
0.941558
0.958874
0.987013
0.995671
1
1
1
1
1
1
1
1
0.952381
0.865801
0.744589
0.597403
0.448052
0.294372
0.17316
0.125541
0.145022
0.251082
0.383117
0.506494
0.608225
0.742424
0.848485
0.937229
0.967532
0.978355
0.995671
0.997835
1
1
1
1
1
1
1
1
0.984848
0.937229
0.880952
0.796537
0.707792
0.603896
0.52381
0.480519
0.493506
0.560606
0.642857
0.725108
0.794372
0.876623
0.9329
0.965368
0.978355
0.995671
1
1
1
1
1
1
1
1
1
1
1
1
0.993506
0.991342
0.987013
0.980519
0.969697
0.958874
0.952381
0.952381
0.963203
0.974026
0.984848
0.987013
0.989177
0.995671
1
1
1
1
1
1
1
1
1
1
1
1
1
1
1
1
1
1
1
1
1
1
1
1
1
1
1
1
0.997835
0.997835
0.997835
1
1
1
1
1
1
1
1
1
1
1
1
1
1
1
1
1
1
1
1
1
1
1
1
1
1
1
1
1
1
1
1
1
1
1
1
1
1
1
1
1
1
1
1
1
1
1
1
1
1
1
1
1
1
1
1
1
1
1
1
1
1
1
1
1
1
1
1
1
1
1
1
1
1
1
1
1
1
1
1
1
1
1
1
1
1
1
1
1
1
1
1
1
1
1
1
1
1
1
1
1
1
1
1
1
1
1
1
1
1
1
1
1
1
1
1
1
1
1
1
1
1
1
1
1
1
1
1
1
1
1
1
1
1
1
1
1
1
1
1
1
1
1
1
1
1
1
1
1
1
1
1
1
1
0.99798
0.99596
0.993939
0.993939
0.993939
0.993939
0.993939
0.99798
1
1
1
1
1
1
1
1
1
1
1
1
1
1
1
1
1
1
1
0.99798
0.989899
0.973737
0.961616
0.959596
0.949495
0.941414
0.953535
0.959596
0.975758
0.985859
0.987879
0.99798
1
1
1
1
1
1
1
1
1
1
1
1
0.99596
0.991919
0.979798
0.939394
0.880808
0.808081
0.656566
0.513131
0.420202
0.387879
0.412121
0.50303
0.626263
0.741414
0.850505
0.939394
0.993939
0.99798
1
1
1
1
1
1
1
1
1
0.99596
0.987879
0.961616
0.915152
0.816162
0.676768
0.480808
0.260606
0.137374
0.0565657
0.0606061
0.0868687
0.169697
0.341414
0.523232
0.70101
0.860606
0.959596
0.983838
0.99596
1
1
1
1
1
1
1
0.99596
0.987879
0.953535
0.894949
0.814141
0.642424
0.410101
0.181818
0.0868687
0.0848485
0.111111
0.163636
0.169697
0.163636
0.244444
0.39596
0.60202
0.789899
0.917172
0.979798
0.99596
1
1
1
1
1
1
1
0.991919
0.961616
0.913131
0.824242
0.666667
0.424242
0.19798
0.127273
0.163636
0.317172
0.414141
0.472727
0.4
0.30101
0.264646
0.351515
0.557576
0.771717
0.90101
0.969697
0.99798
1
1
1
1
1
1
1
0.985859
0.931313
0.878788
0.737374
0.531313
0.236364
0.183838
0.210101
0.39798
0.620202
0.767677
0.721212
0.557576
0.333333
0.246465
0.286869
0.511111
0.751515
0.886869
0.969697
0.993939
1
1
1
1
1
1
1
0.975758
0.909091
0.832323
0.646465
0.40404
0.212121
0.236364
0.379798
0.656566
0.828283
0.836364
0.69697
0.452525
0.226263
0.173737
0.276768
0.513131
0.755556
0.907071
0.983838
0.99596
0.99798
1
1
1
1
1
0.99596
0.969697
0.90101
0.785859
0.553535
0.357576
0.226263
0.276768
0.549495
0.715152
0.779798
0.684848
0.486869
0.254545
0.117172
0.153535
0.286869
0.569697
0.79596
0.951515
0.989899
0.99798
0.99798
1
1
1
1
1
0.991919
0.963636
0.90101
0.777778
0.523232
0.347475
0.242424
0.319192
0.509091
0.591919
0.529293
0.428283
0.258586
0.135354
0.0646465
0.157576
0.375758
0.662626
0.874747
0.957576
0.99596
0.99798
0.99798
0.99798
1
1
1
1
0.991919
0.967677
0.90303
0.793939
0.573737
0.387879
0.290909
0.290909
0.361616
0.363636
0.335354
0.248485
0.157576
0.0747475
0.0565657
0.212121
0.49697
0.771717
0.905051
0.965657
0.993939
1
0.99798
0.99798
1
1
1
1
0.993939
0.975758
0.913131
0.832323
0.652525
0.468687
0.375758
0.321212
0.311111
0.305051
0.290909
0.226263
0.133333
0.0727273
0.10101
0.319192
0.622222
0.832323
0.941414
0.971717
0.99596
1
0.99798
0.99596
1
1
1
1
0.99596
0.985859
0.949495
0.876768
0.767677
0.618182
0.507071
0.420202
0.40202
0.391919
0.365657
0.294949
0.153535
0.0888889
0.19798
0.448485
0.713131
0.878788
0.945455
0.983838
0.99798
1
0.99798
0.99798
1
1
1
0.99798
0.99596
0.99596
0.971717
0.929293
0.868687
0.793939
0.69697
0.626263
0.6
0.575758
0.478788
0.325253
0.187879
0.157576
0.294949
0.555556
0.765657
0.890909
0.963636
0.985859
0.993939
1
1
1
1
1
1
0.99798
0.99798
0.99798
0.987879
0.973737
0.943434
0.89697
0.850505
0.812121
0.773737
0.690909
0.539394
0.333333
0.242424
0.242424
0.418182
0.636364
0.785859
0.907071
0.969697
0.979798
0.989899
0.99798
1
1
1
1
1
1
0.99798
0.99798
0.989899
0.983838
0.967677
0.953535
0.939394
0.884848
0.820202
0.711111
0.531313
0.381818
0.335354
0.369697
0.541414
0.70101
0.812121
0.90303
0.973737
0.979798
0.991919
0.993939
1
1
1
1
1
1
0.99798
0.99798
0.99596
0.983838
0.981818
0.975758
0.937374
0.90101
0.818182
0.652525
0.492929
0.414141
0.418182
0.494949
0.60404
0.739394
0.830303
0.905051
0.963636
0.979798
0.991919
0.993939
1
1
1
1
1
1
1
0.99798
0.99596
0.987879
0.977778
0.959596
0.917172
0.838384
0.719192
0.593939
0.50101
0.450505
0.472727
0.549495
0.686869
0.757576
0.838384
0.90303
0.949495
0.979798
0.991919
0.993939
1
1
1
1
1
1
1
1
0.99798
0.985859
0.967677
0.931313
0.870707
0.777778
0.664646
0.555556
0.511111
0.507071
0.557576
0.632323
0.709091
0.763636
0.826263
0.890909
0.945455
0.979798
0.991919
0.993939
1
1
1
1
1
1
1
0.99798
0.99596
0.983838
0.945455
0.894949
0.826263
0.715152
0.646465
0.573737
0.561616
0.571717
0.616162
0.678788
0.723232
0.763636
0.838384
0.880808
0.939394
0.973737
0.987879
0.99596
1
1
1
1
1
1
1
0.99596
0.989899
0.973737
0.933333
0.876768
0.79798
0.705051
0.650505
0.614141
0.630303
0.648485
0.674747
0.713131
0.751515
0.777778
0.850505
0.89899
0.937374
0.967677
0.985859
0.99798
1
1
1
1
1
1
1
0.99798
0.987879
0.967677
0.929293
0.874747
0.812121
0.743434
0.705051
0.705051
0.715152
0.731313
0.753535
0.769697
0.79596
0.826263
0.892929
0.919192
0.947475
0.973737
0.991919
0.99596
1
1
1
1
1
1
0.99798
0.99596
0.993939
0.987879
0.975758
0.955556
0.939394
0.927273
0.921212
0.917172
0.921212
0.915152
0.925253
0.931313
0.937374
0.949495
0.973737
0.979798
0.985859
0.993939
0.99798
1
1
1
1
1
1
1
1
1
1
1
1
1
1
1
1
0.99798
0.99798
0.99596
0.99798
0.99798
1
0.99798
0.99596
0.99798
1
1
1
1
1
1
1
